10 White Smoke
20 Black Splash
21 Black Splash
22 Black Splash
23 Red Aura
24 Gyrm Axe - Spinning
25 Gyrm Axe
26 White Shield Aura
27 Red Flame Aura + Golden Dust
28 Flames
29 Water Splash
30 Water Splash
31 Water Splash - Explosion
32 Water Splash
33 Dust Burst
34 Dust Burst - Medium
38 Magic Aura - Small
39 Black Splash
40 White/Grey Burst
41 White/Grey Burst - Medium
42 White/Grey Burst - Large
43 Black Trail Burst
44 Black Burst
45 Black Burst
46 Weapon Sparks - Small
47 Weapon Sparks - Medium
48 Weapon Sparks - Large
49 Collected Flames - Small
50 Collected Flames - Medium
51 Collected Flames - Large
52 Collected Flames
53 Collected Flames
54 Collected Chaos Flames
55 Lightning Sparks
56 Lightning Sparks
57 Lightning Sparks
58 Blue Splash
59 Blue Splash
60 Blue Splash
61 Black Splash
62 Black Splash
63 Black Splash
64 Black Splash
65 Black Splash
66 Black/Purple Splash
67 Dust Puff
68 Dust Puff
69 Dust Puff
70
71 Rock Hit Puff
72 Dust Puff Circle
73 Small Rock Blowback
74 Dust Puff
75 Dust Puff - Medium
76 Dark Puff
77 Dark Puff
78 Dark Puff
79 Rock Blowback
80 Rock Blowback
81 Rock Blowback
82 White Puff
83 White Puff - Medium
84 White Puff - Large
85 White Splash
86 White Splash
87 White/Grey Splash - Medium
88 Black Puff
89 Black Puff
90 Black Puff
91 Fire Puff
92 Fire Puff - Medium
93 Fire Puff - Large
94 Magic Puff
95 Magic Puff
96 Magic Puff - Medium
97 Magic Flash
98 White Flash
99 White Puff
101 Golden Burst
102 Golden Glow
103
104
105
106
107
108
109
110
111
112
113
114
115
116
117
118
119
120
121
122
123
124
127
128
129
131
132
133
134
135
136
137
138
139
140
141
142
143
144
145
146
148
149
150
151
152
153
154
155
156
157
158
159
160
161
162
163
164
165
166
169
170
171
176
179
181
182
183
184
185
186
187
188
189
192
193
194
195
197
198
199
200
201
202
203
204
205
206
207
208
209
210
211
212
213
214
215
216
217
218
219
220
221
222
223
224
225
226
227
228
229
230
231
232
233
234
235
236
237
238
239
240
241
242
243
244
245
246
247
248
249
250
251
252
260
261
262
263
264
270
271
272
273
274
275
276
277
278
280
281
282
283
284
285
286
287
288
289
290
291
292
293
294
297
298
299
300
301
302
303
304
305
306
307
308
309
310
311
312
313
314
315
316
317
318
319
320
321
322
323
324
325
326
327
328
330
331
332
335
336
340
341
345
346
347
350
351
352
353
400
401
402
403
404
405
406
407
408
409
410
411
412
413
414
415
416
417
418
419
420
421
422
423
424
425
426
427
428
429
430
431
432
433
434
435
436
437
438
439
440
441
442
443
444
445
446
447
448
449
450
451
452
453
454
455
456
457
458
459
460
461
462
463
464
465
466
650
651
652
653
654
655
656
657
658
659
660
800
801 Witching Urn
802 Witching Urn - Hit
803
804 Lightning Urn
805 Lightning Urn - Hit
806
807 Firebomb
808 Firebomb - Hit
809
810 Black Firebomb
811 Black Firebomb - Hit
812
813 Hexing Urn
814 Hexing Urn - Hit
815
816 Dung Pie
817 Dung Pie - Hit
818
819 Corrosive Urn
820 Corrosive Urn - Hit
821
822 Holy Water Urn
823 Holy Water Urn - Hit
824 Lloyd's Talisman
825 Lloyd's Talisman - Hit
826
827
828
829
830
831
832
833
834
835
836
837
838
839
840 Carving
841 Hello Carving - Hit
842
843
844 Alluring Skull
845 Alluring Skull - Hit
846 Alluring Skull
847
848
849
850
851
852
853
854
855
856
857
858
860
861
862
863
864
865
866
867
868
869
870
871
872
873
874
875
876
877
878
879
880
881
882
883
884
885
886
887
888
889
890
891
892
893
894
895
896
897
898 Flame Butterfly
900
901
902
903
904
905
906
907
908
909
910
915
916
917
918
920
921
922
923
925 Thank You Carving - Hit
926 I'm Sorry Carving - Hit
927 Very Good! Carving - Hit
930
931
932
933
934
935
936
937
938
939
940
941 Old Sun Explosion
942 Old Sun Explosion
943 Ring of Thorns - Spike
944
945
946
947
950 Dragon Head Stone - Breath
951 Dragon Head Stone - Breath
952 Dragon Torso Stone - Buff
953
954
955
956
957
958
959
960
961
962
963
964
965
966
967
968
969
970
971
972
1050
1051
1052
1053
1054
1055
1056
1057
1058
1059
1060
1061
1062
1063
1064
1065
1066
1067
1068
1069
1070
1071
1072
1073
1100
1101
1102
1103
1104
1105
1106
1107
1108
1109
1110
1111
1112
1120
1121
1122
1123
1124
1125
1126
1127
1128
1129
1130
1131
1132
1133
1134
1135
1136
1137
1138
1139
1140
1148
1149
1150
1151 Wood Arrow
1152 Iron Arrow
1153 Magic Arrow
1154 Lightning Arrow
1155 Fire Arrow
1156 Dark Arrow
1157 Poison Arrow
1158 Lacerating Arrow
1159 
1160 
1161 Iron Greatarrow
1162 
1163 Lightning Greatarrow
1164 Fire Greatarrow
1165
1166 Destructive Greatarrow
1167 Wood Bolt
1168
1169 Iron Bolt
1170 Magic Bolt
1171 Lightning Bolt
1172 Fire Bolt
1173 Dark Bolt
1174
1175 Throwing Knife
1176 Poison Throwing Knife
1177 Lacerating Knife
1200
1201
1202
1203
1204
1205
1206
1207
1208
1209
1210
1211
1212
1213
1214
1215
1216
1217
1218
1219
1220
1221
1222
1223
1224
1225
1226
1227
1230
1231
1232
1233
1234
1235
1236
1237
1238
1239
1240
1241
1242
1243
1244
1245
1246
1247
1248
1249
1250
1251
1252
1253
1255
1256
1257
1258
1600
1601
1602
1603
1604
1605
1606
1607
1608
1609
1610
1611
1612
1613
1614
1615
1616
1617
1618
1619
1620
1621
1622
1623
1624
1625
1626
1627
1628
1629
1630
1631
1632
1633
1634
1635
1636
1637
1638
1639
1640
1641
1642
1643
1644
1645
1646
1647
1648
1649
1650
1651
1652
1653
1654
1655
1656
1657
1658
1659
1660
1661
1662
1663
1664
1665
1666
1667
1668
1669
1670
1671
1672
1673
1674
1675
1676
1677
1678
1679
1680
1681
1682
1683
1684
1685
1686
1687
1688
1689
1690
1691
1695
1696
1697
1698
1699
1700
1701
1702
1703
1704
1705
1706
1707
1708
1709
1780
1790
1791
1792
1793
1794
1795
1799
1800
1801
1806
1807
1808
1809
1810
1811
1812
1813
1814
1815
1816
1817
1818
1819
1820
1821
1822
1823
1824
1825
1826
1827
1828
1829
1830
1831
1832
1833
1834
1835
1836
1837
1838
1839
1840
1841
1842
1845
1846
1847
1848
1849
1850
1851
1855
1856
1860
1861
1862
1863
1864
1865
1866
1867
1870
1871
1872
1873
1874
1875
1876
1880
1881
1882
1883
1884
1885
1886
1887
1888
1889
1890
1891
1892
1893
1895
1896
1897
1898
1899
1900
1901
1902
1903
1904
1905
1906
1907
1908
1909
1910
1911
1912
1913
1914
1915
1919
1920
1921
1922
1923
1924
1925
1926
1927
1928
1929
1930
1935
1936
1937
1938
1939
1940
1941
1942
1943
1944
1945
1946
1947
1949
1950
1951
1952
1953
1954
1955
1956
1957
1958
1959
1960
1961
1962
1965
1966
1967
1968
1969
1970
1971
1972
1973
1974
1975
1976
1977
1978
1979
1980
1981
1982
1983
1984
1985
1986
1987
1988
1989
1990
1991
1992
1993
1994
1995
1996
1997
1998
1999
2020
2022
2023
2024
2031
2032
2033
2034
2035
2101
2102
2105
2113
2115
2117
2118
2119
2120
2121
2122
2123
2124
2125
3000
3001
3010
3011
3012
3019
3020
3021
3022
3023
3025
3040
3041
3045
3046
3047
3048
3049
3050
3060
3061
3062
3063
3065
3070
3071
3072
3073
3074
3075
3076
3077
3078
3079
3080
3081
3082
3150
3151
3152
3153
3155
3156
3160
3161
3165
3166
3170
3171
3172
3180
3181
3182
3183
3184
3185
3186
3187
3188
3189
3190
3191
3192
3193
3194
3195
3196
3197
3198
3199
3200
3201
3202
3203
3204
3205
3206
3207
3208
3209
3210
3211
3215
3216
3217
3218
3300
3310
3311
3312
3313
3320
3321
3322
3323
3400
3405
3406
3407
3410
3411
3412
3415
3419
3420
3421
3422
3423
3424
3425
3426
3427
3430
3431
3500
3501
3502
3503
3505
3510
3511
3512
3513
3520
3521
3522
3523
3550
3551
3552
3553
3600
3601
3602
3603
3604
3605
3606
3607
3608
3609
3610
3611
3612
3613
3614
3615
3616
3617
3618
3619
3620
3621
3622
3623
3624
3625
3626
3627
3628
3629
3630
3631
3632
3650
3651
3652
3653
3654
3655
3656
3657
3658
3659
3660
3661
3662
3663
3664
3665
3666
3667
3670
3671
3672
3673
3674
3675
3676
3677
3678
3679
3680
3681
3682
3685
3686
3687
3688
3689
3690
3691
3692
3693
3695
3696
3697
3698
3699
3700
3705
3706
3707
3710
3711
3714
3715
3716
3717
3718
3719
3720
3721
3722
3730
3731
3732
3733
3734
3735
3736
3737
3738
3739
3740
3741
3742
3743
3744
3745
3746
3747
3748
3749
3750
3751
3752
3753
3754
3755
3756
3757
3758
3759
3760
3761
3762
3763
3764
3765
3766
3767
3768
3769
3770
3771
3772
3773
3774
3775
3776
3777
3778
3779
3780
3781
3782
3783
3784
3785
3786
3787
3788
3790
3791
3792
3793
3794
3795
3796
3797
3798
3799
3800
3807
3808
3809
3810
3811
3812
3813
3814
3815
3816
3817
3818
3820
3821
3822
3830
3831
3840
3850
3851
3852
3853
3855
3900
3901
3902
3903
3904
3905
3906
3907
3910
3911
3912
3913
3914
3915
3920
3921
3922
3923
3924
3930
3931
3932
3933
3934
3940
3941
3945
3946
3950
3960
3961
3962
3963
3964
3965
3966
3967
3970
3972
3973
3974
3980
3981
3982
3985
3986
3987
3988
3989
3990
4000
4001
4002
4003
4004
4005
4006
4007
4008
4009
4010
4011
4012
4013
4015
4016
4017
4018
4019
4020
4021
4022
4023
4024
4025
4026
4027
4030
4031
4032
4033
4034
4035
4036
4037
4038
4039
4050
4051
4052
4055
4056
4060
4061
4065
4066
4070
4071
4072
4073
4074
4075
4076
4077
4078
4080
4081
4082
4083
4084
4085
4086
4087
4088
4089
4090
4091
4092
4095
4096
4097
4098
4099
4100
4101
4102
4103
4104
4105
4106
4107
4108
4109
4110
4111

5000 Soul Arrow
5001 Great Soul Arrow
5002 Heavy Soul Arrow
5003 Great Heavy Soul Arrow
5004 Homing Soul Arrow
5005 Heavy Homing Soul Arrow
5006 Homing Soulmass
5007 Homing Soulmass - Moving
5008 Homing Crystal Soulmass
5009 Homing Crystal Soulmass - Moving
5010 Soul Spear
5011 Crystal Soul Spear
5012 Shockwave
5013 Soul Spear Barrage
5014 Soul Shower
5015 Soul Shower
5016 Soul Greatsword
5017 Soul Vortex
5018 Soul Bolt
5019 Soul Bolt
5020 Soul Geyser
5021
5022
5023
5024
5025 Yearn
5026 Yearn
5027 Hush
5028 Fall Control
5029
5030 Repair
5031 Cast Light
5032
5033 Unleash Magic
5034
5050 Heal
5051 Med Heal
5052 Great Heal Excerpt
5053 Great Heal
5054 Bountiful Sunlight
5055 Caressing Prayer
5056 Force
5057 Wrath of the Gods
5058 Emit Force
5059 Heavenly Thunder
5060
5061 Lightning Spear
5062
5063 Great Lightning Spear
5064
5065 Sunlight Spear
5066 Soul Appease
5067 Blinding Bolt
5068 Blinding Bolt
5069 Magic Barrier
5070 Great Magic Barrier
5071
5072 Guidance
5073 Sacred Oath
5074
5075 Perseverance
5076
5077 Replenishment
5078 Resplendent Life
5079 Soothing Sunlight
5080
5081
5082
5090 Fireball
5091 Fire Orb
5092 Great Fireball
5093 Great Chaos Fireball
5094
5095 Firestorm
5096 Fire Tempest
5097 Chaos Storm
5098 Chaos Storm
5099 Combustion
5100 Great Combustion
5101 Fire Whip
5102 Poison Mist
5103 Toxic Mist
5104 Acid Surge
5105 Lingering Flame
5106 Flame Swathe
5107 Forbidden Sun
5108 Forbidden Sun
5109
5110 Flash Sweat
5111 Iron Flesh
5112 Warmth
5113 Immolation
5114
5115 Chaos Storm / Fire Tempest
5116 Lingering Flame
5117
5118
5119
5120
5121 Chaos Storm / Fire Tempest
5122 Outcry
5130 Dark Orb
5131 Dark Hail
5132 Dark Fog
5133 Affinity
5134 Affinity
5135 Dead Again
5137 Whisper of Despair
5138 Repel
5139 Numbness
5140 Scraps of Life
5141 Darkstorm
5142 Resonant Soul
5143 Great Resonant Soul
5144 Climax
5145
5146
5147 Lifedrain Patch
5148 Profound Still
5149 Dead Again
5150 Twisted Barricade
5151 Scraps of Life
5152
5160 Soul Arrow - Hit
5161 Great Soul Arrow - Hit
5162 Heavy Soul Arrow - Hit
5163 Great Heavy Soul Arrow - Hit
5164 Homing Soul Arrow - Hit
5165 Heavy Homing Soul Arrow - Hit
5166 Homing Soulmass - Hit
5167 Homing Crystal Soulmass - Hit
5168 Soul Spear - Hit
5169 Crystal Soul Spear - Hit
5170 Shockwave - Hit
5171 Soul Spear Barrage - Hit
5172 Soul Shower - Hit
5173 Soul Greatsword - Hit
5174 Soul Vortex - Hit
5175 Soul Bolt - Hit
5176 Soul Geyser - Hit
5177
5178
5179
5180
5181 Yearn
5182
5183
5184
5185
5186
5187
5188
5200
5201
5202
5203
5204
5205
5206
5207
5208
5209 Force - Hit
5210 Wrath of the Gods - Hit
5211 Emit Force - Hit
5212 Heavenly Thunder - Hit
5213 Lightning Spear - Hit
5214 Great Lightning Spear - Hit
5215 Sunlight Spear - Hit
5216
5217 Blinding Bolt
5218
5219
5221
5222
5223
5224
5225
5226
5227
5240 Fireball - Hit
5241 Fire Orb - Hit
5242 Great Fireball - Hit
5243 Great Chaos Fireball - Hit
5244 Firestorm - Hit
5245 Fire Tempest - Hit
5246 Chaos Storm - Hit
5247 Combustion - Hit
5248 Great Combustion - Hit
5249 Fire Whip - Hit
5250 Poison Mist
5251 Toxic Mist
5252 Acid Surge
5253 Lingering Flame - Hit
5254 Flame Swathe
5255 Forbidden Sun
5256
5257
5258
5259
5260
5280 Dark Orb - Hit
5281 Dark Hail - Hit
5282 Dark Fog
5283 Affinity - Hit
5284 Dead Again
5285
5286
5287
5288
5289 Scraps of Life - Hit
5290 Darkstorm - Hit
5291 Resonant Soul - Hit
5292 Great Resonant Soul - Hit
5293 Climax - Hit
5294
5295
5296 Lifedrain Patch - Hit
5297
5298
5310
5311
5312
5313 Strong Magic Shield
5314 Hidden Weapon
5315
5316
5317
5318 Resonant Weapon
5350 Magic Weapon / Strong Magic Weapon / Crystal Magic Weapon
5351 Sunlight Blade
5352 Flame Weapon
5353 Dark Weapon / Resonant Weapon
5354
5375
5376
5377
5378
5400
5401
5402
5403
5405
5406
5409
5410
5411
5412
5413
5414
5415
5416
5420
5421
5422
5423
5424
5425
5429
5430
5432
5433
5434
5435
5436
5437
5438
5439
5440
5441
5442
5443
5444
5445
5446
5447
5448
5449
5450
5451
5452
5453
5454
5455
5456
5457
5458
5460
5461
5462
5465
5466
5470
5471
5472
5475
5476
5480
5481
5482
5500
5650 Soul Flash
5651 Soul Flash - Hit
5652
5653
5654
5655
5656
5657
5658
5659 Focus Souls
5660 Focus Souls
5661 Focus Souls
5662 Focus Souls - Hit
5663
5664
5665 Denial
5666
5667 Denial
5670 Splintering Lightning Spear
5671 Splintering Lightning Spear
5672 Splintering Lightning Spear
5673 Splintering Lightning Spear - Hit
5675 Fire Snake
5678 Dance of Fire
5679 Dance of Fire - Hit
5680 Dark Greatsword
5681 Dark Greatsword - Hit
5682 Dark Greatsword
5685 Recollection
5686 Recollection - Hit
5687 Recollection
5690 Promised Walk of Peace
5691
5695 Dark Dance
5696
5697
5698 Dark Dance
5700
5701 Outcry
5702 Outcry
5703 Outcry
5704 Outcry - Hit

8000
8001
8002
8003
8005
8006
8007
8008
8009
8010
8011
8015
8016
8017
8018
8019
8020
8021
8022
8023
8024
8025
8026
8027
8030
8035
8036
8037
8040
8041
8042
8043
8044
8045
8050
8055
8100
8101
8105
8106
8107
8110
8111
8120
8121
8122
8123
8140
8145
8146
8150
8151
8152
8153
8154
8155
8156
8157
8158
8159
8160
8161
8162
8163
8164
8170
8171
8172
8173
8174
8175
8176
8177
8178
8179
8180
8181
8185
8186
8187
8188
8189
8298
8299
8300
8301
8302
8303
8304
8305
8306
8307
8308
8309
8310
8311
8312
8313
8314
8315
8316
8317
8318
8319
8320
8321
8322
8324
8325
8326
8327
8328
8329
8330
8331
8332
8333
8335
8336
8337
8338
8339
8340
8341
8342
8343
8344
8346
8347
8348
8349
8350
8351
8352
8353
8354
8355
8356
8357
8358
8359
8395
8396
8397
8399
8400
8401
8402
8403
8404
8405
8406
8407
8408
8409
8410
8411
8412
8413
8414
8415
8416
8417
8418
8419
8420
8421
8422
8423
8424
8425
8426
8427
8428
8430
8431
8432
8435
8436
8437
8438
8439
8440
8441
8442
8443
8445
8446
8447
8448
8449
8450
8460
8461
8462
8463
8464
8465
8466
8500
8501
8502
8510
8511
8512
8513
8514
8515
8516
8517
8518
8519
8520
8521
8522
8523
8524
8525
8526
8530
8531
8532
8534
8535
8536
8537
8538
8539
8540
8541
8542
8543
8544
8545
8546
8547
8548
8549
8550
8551
8552
8553
8555
8556
8557
8558
8559
8560
8561
8562
8563
8564
8565
8566
8567
8568
8569
8600
8601
8602
8605
8606
8607
8610
8611
8612
8613
8615
8616
8619
8620
8621
8622
8623
8624
8625
8626
8627
8628
8629
8630
8631
8635
8636
8637
8640
8641
8647
8648
8649
8650
8651
8653
8654
8655
8656
8657
8658
8659
8660
8661
8662
8663
8664
8665
8666
8670
8671
8672
8673
8674