1 
21200001 
21200002 
21200003 
21200004 
21200005 
21200006 
21200007 
21200101 
21200102 
21200103 
21200104 
21200105 
21200106 
21200107 
21200201 
21200202 
21200203 
21200204 
21200205 
21200206 
21200207 
21200301 
21200302 
21200303 
21200304 
21200305 
21200306 
21200307 
30500001 
30500002 
30500003 
30500004 
30500005 
30500006 
30960001 
30960002 
30960003 
30960004 
30960005 
30960006 
30970001 
30970002 
30970003 
30970004 
30970005 
30970006 
32600001 
32600002 
32600003 
32600004 
32600005 
32600006 
33200001 
33200002 
33200003 
33200004 
33200005 
33200006 
33200009 
33300001 
33300002 
33300003 
33300004 
33300005 
33300006 
50000001 
50000002 
50000003 
50000004 
50000005 
50100001 
50200001 
50200002 
50200003 
50200004 
50200005 
50300001 
50300002 
50300003 
50300004 
50300005 
50300006 
50400001 
50400002 
50400003 
50400004 
50400005 
50400006 
50400007 
50400008 
50400009 
50400010 
50400011 
50400012 
50400013 
50400014 
50400015 
50400016 
50400017 
51460001 
51460002 
51460003 
51460004 
51460005 
51460006 
60000001 
60000002 
60000003 
60000004 
60000005 
60000006 
60100001 
60100002 
60102001 
60200001 
60200002 
60200003 
60200004 
60200005 
60200006 
60200007 
60200008 
60300001 
60300002 
60300003 
60310001 
60310002 
60310003 
60700001 
60700002 
60700003 
60700004 
60700005 
60700006 
60900001 
60900002 
60900003 
60900004 
60900005 
60900006 
60900007 
61910001 
61910002 
61910003 
61910004 
61910005 
61910006 
61910007 
61911001 
61911002 
61911003 
61911004 
61911005 
61911006 
61911007 
61911008 
62700001 
62700002 
62700003 
62700004 
62700005 
62700006 
62700007 
62700008 
68100001 
68100002 
68100003 
68100004 
68100005 
68100006 
68100007 
68100008 
68100009 
68200001 
68200002 
68200003 
68200004 
68200005 
68300001 
68300002 
68300003 
68300004 
68300005 
69000001 
69000002 
69000003 
69000004 
69000005 
