0 
106000 
154000 
212000 
223500 
226100 
303300 
305000 
305001 
309600 
309610 
309700 
318000 
324000 
325000 
326000 
332000 
333000 
500000 
501000 
503000 
504000 
506100 
514600 
600000 
602000 
603000 
607000 
611000 
619100 
625000 
626000 
627000 
675000 
679000 
679100 
680000 
681000 
682000 
689000 
691000 
692000 
800001 
800010 
1002000 
1004000 
1010000 
1014000 
1015000 
1016000 
1017000 
1018000 
1019000 
1021000 
1023000 
1025000 
1027000 
1028000 
1029000 
1030000 
1031000 
1032000 
1032010 
1033000 
1034000 
2010000 
2011000 
2021000 
2024000 
2026000 
4003000 
5035000 
5036000 
5037000 
5037010 
5038000 
