10102000 
10202000 
10302000 
10402000 
20000010 
20000110 
20000111 
20000120 
20000130 
20001020 
20002010 
20002011 
20002012 
20002013 
20002110 
20002111 
20002112 
20102000 
20202000 
20302000 
20402000 
20502000 
31101000 
31201000 
31301000 
32101000 
32201000 
32301000 
33101000 
33201000 
33301000 
38000700 
38000710 
38000720 
38000800 
38000810 
38000820 
41001000 
41001010 
41101000 
41101010 
41201000 
41201010 
41301000 
41301010 
41401000 
41401010 
99999999 
100000100 
110000100 
120000100 
121000000 
121000010 
121000020 
121000100 
