0 
10 
100000 
100100 
100200 
100300 
100400 
100500 
100600 
100700 
100800 
100900 
101000 
101100 
101200 
101300 
101400 
101500 
101600 
101700 
101800 
101900 
102000 
102100 
102200 
102300 
102400 
102500 
102600 
102700 
102800 
102900 
105000 
110100 
110200 
110300 
110400 
110500 
110600 
110700 
110800 
110900 
111000 
111100 
111200 
111300 
111400 
111500 
111600 
111700 
111800 
111900 
112000 
112100 
112200 
112300 
112400 
112500 
112600 
112700 
112800 
112900 
115000 
120100 
120200 
120300 
120400 
120500 
120600 
120700 
120800 
120900 
121000 
121100 
121200 
121300 
121400 
121500 
121600 
121700 
121800 
121900 
122000 
122100 
122200 
122300 
122400 
122500 
122600 
122700 
122800 
122900 
125000 
200100 
