1 
2 
3 
4 
5 
6 
7 
1010 
1020 
1030 
1040 
1050 
1060 
1070 
1080 
2010 
2020 
2030 
2040 
2050 
2060 
2070 
2080 
3010 
3020 
3030 
3040 
3050 
3060 
3070 
3080 
4010 
4020 
4030 
4040 
4050 
4060 
4070 
4080 
5010 
5020 
5030 
5040 
5050 
5060 
5070 
5080 
6010 
6020 
6030 
6040 
6050 
6060 
6070 
6080 
7010 
7020 
7030 
7040 
7050 
7060 
7070 
7080 
8010 
8020 
8030 
8040 
8050 
8060 
8070 
8080 
9010 
9020 
9030 
9040 
9050 
9060 
9070 
9080 
10010 
10020 
10030 
10040 
10050 
10060 
10070 
10080 
11010 
11020 
11030 
11040 
11050 
11060 
11070 
11080 
12010 
12020 
12030 
12040 
12050 
12060 
12070 
12080 
13010 
13020 
13030 
13040 
13050 
13060 
13070 
13080 
14010 
14020 
14030 
14040 
14050 
14060 
14070 
14080 
15010 
15020 
15030 
15040 
15050 
15060 
15070 
15080 
16010 
16020 
16030 
16040 
16050 
16060 
16070 
16080 
17010 
17020 
17030 
17040 
17050 
17060 
17070 
17080 
18010 
18020 
18030 
18040 
18050 
18060 
18070 
18080 
