1013100 
1013102 
1013103 
1013104 
1013105 
1013106 
1013107 
1013108 
1013109 
1013111 
1013112 
1013113 
1013114 
1013115 
1013116 
1013117 
1033180 
1113100 
1113102 
1113103 
1113104 
1113105 
1113106 
1113107 
1113108 
1113109 
1113111 
1113112 
1113113 
1113114 
1113115 
1113116 
1113117 
1133180 
2012200 
2012202 
2012203 
2012204 
2012205 
2012206 
2012207 
2012208 
2012209 
2012211 
2012212 
2012213 
2012214 
2012215 
2012216 
2012217 
2013200 
2013202 
2013203 
2013204 
2013205 
2013206 
2013207 
2013208 
2013209 
2013211 
2013212 
2013213 
2013214 
2013215 
2013216 
2013217 
2032280 
3013100 
3013102 
3013103 
3013104 
3013105 
3013106 
3013107 
3013108 
3013109 
3013111 
3013112 
3013113 
3013114 
3013115 
3013116 
3013117 
3033180 
4011100 
4011102 
4011103 
4011104 
4011105 
4011106 
4011107 
4011108 
4011109 
4011111 
4011112 
4011113 
4011114 
4011115 
4011116 
4011117 
4012100 
4012102 
4012103 
4012104 
4012105 
4012106 
4012107 
4012108 
4012109 
4012111 
4012112 
4012113 
4012114 
4012115 
4012116 
4012117 
4032180 
6011100 
6011102 
6011103 
6011104 
6011105 
6011106 
6011107 
6011108 
6011109 
6011111 
6011112 
6011113 
6011114 
6011115 
6011116 
6011117 
6012100 
6012102 
6012103 
6012104 
6012105 
6012106 
6012107 
6012108 
6012109 
6012111 
6012112 
6012113 
6012114 
6012115 
6012116 
6012117 
6032180 
7011100 
7011102 
7011103 
7011104 
7011105 
7011106 
7011107 
7011108 
7011109 
7011111 
7011112 
7011113 
7011114 
7011115 
7011116 
7011117 
7031180 
7041100 
8011100 
8011102 
8011103 
8011104 
8011105 
8011106 
8011107 
8011108 
8011109 
8011111 
8011112 
8011113 
8011114 
8011115 
8011116 
8011117 
8012100 
8012102 
8012103 
8012104 
8012105 
8012106 
8012107 
8012108 
8012109 
8012111 
8012112 
8012113 
8012114 
8012115 
8012116 
8012117 
8031180 
10011100 
10011102 
10011103 
10011104 
10011105 
10011106 
10011107 
10011108 
10011109 
10011111 
10011112 
10011113 
10011114 
10011115 
10011116 
10011117 
10012100 
10012102 
10012103 
10012104 
10012105 
10012106 
10012107 
10012108 
10012109 
10012111 
10012112 
10012113 
10012114 
10012115 
10012116 
10012117 
10013100 
10013102 
10013103 
10013104 
10013105 
10013106 
10013107 
10013108 
10013109 
10013111 
10013112 
10013113 
10013114 
10013115 
10013116 
10013117 
10032180 
11012100 
11012102 
11012103 
11012104 
11012105 
11012106 
11012107 
11012108 
11012109 
11012111 
11012112 
11012113 
11012114 
11012115 
11012116 
11012117 
11013100 
11013102 
11013103 
11013104 
11013105 
11013106 
11013107 
11013108 
11013109 
11013111 
11013112 
11013113 
11013114 
11013115 
11013116 
11013117 
11032180 
12011100 
12011102 
12011103 
12011104 
12011105 
12011106 
12011107 
12011108 
12011109 
12011111 
12011112 
12011113 
12011114 
12011115 
12011116 
12011117 
12012100 
12012102 
12012103 
12012104 
12012105 
12012106 
12012107 
12012108 
12012109 
12012111 
12012112 
12012113 
12012114 
12012115 
12012116 
12012117 
12031180 
12111100 
12111102 
12111103 
12111104 
12111105 
12111106 
12111107 
12111108 
12111109 
12111111 
12111112 
12111113 
12111114 
12111115 
12111116 
12111117 
12112100 
12112102 
12112103 
12112104 
12112105 
12112106 
12112107 
12112108 
12112109 
12112111 
12112112 
12112113 
12112114 
12112115 
12112116 
12112117 
12131180 
13011100 
13011102 
13011103 
13011104 
13011105 
13011106 
13011107 
13011108 
13011109 
13011111 
13011112 
13011113 
13011114 
13011115 
13011116 
13011117 
13011180 
13012100 
13012102 
13012103 
13012104 
13012105 
13012106 
13012107 
13012108 
13012109 
13012111 
13012112 
13012113 
13012114 
13012115 
13012116 
13012117 
13031180 
13111100 
13111102 
13111103 
13111104 
13111105 
13111106 
13111107 
13111108 
13111109 
13111111 
13111112 
13111113 
13111114 
13111115 
13111116 
13111117 
13112100 
13112102 
13112103 
13112104 
13112105 
13112106 
13112107 
13112108 
13112109 
13112111 
13112112 
13112113 
13112114 
13112115 
13112116 
13112117 
14011100 
14011102 
14011103 
14011104 
14011105 
14011106 
14011107 
14011108 
14011109 
14011111 
14011112 
14011113 
14011114 
14011115 
14011116 
14011117 
14012100 
14012102 
14012103 
14012104 
14012105 
14012106 
14012107 
14012108 
14012109 
14012111 
14012112 
14012113 
14012114 
14012115 
14012116 
14012117 
14031180 
15011100 
15011102 
15011103 
15011104 
15011105 
15011106 
15011107 
15011108 
15011109 
15011111 
15011112 
15011113 
15011114 
15011115 
15011116 
15011117 
15031180 
16011100 
16011102 
16011103 
16011104 
16011105 
16011106 
16011107 
16011108 
16011109 
16011111 
16011112 
16011113 
16011114 
16011115 
16011116 
16011117 
16012100 
16012102 
16012103 
16012104 
16012105 
16012106 
16012107 
16012108 
16012109 
16012111 
16012112 
16012113 
16012114 
16012115 
16012116 
16012117 
16031180 
17011100 
17011102 
17011103 
17011104 
17011105 
17011106 
17011107 
17011108 
17011109 
17011111 
17011112 
17011113 
17011114 
17011115 
17011116 
17011117 
17012100 
17012102 
17012103 
17012104 
17012105 
17012106 
17012107 
17012108 
17012109 
17012111 
17012112 
17012113 
17012114 
17012115 
17012116 
17012117 
17013100 
17013102 
17013103 
17013104 
17013105 
17013106 
17013107 
17013108 
17013109 
17013111 
17013112 
17013113 
17013114 
17013115 
17013116 
17013117 
17031180 
17033180 
18011100 
18011102 
18011103 
18011104 
18011105 
18011106 
18011107 
18011108 
18011109 
18011111 
18011112 
18011113 
18011114 
18011115 
18011116 
18011117 
18031180 
20012100 
20012102 
20012103 
20012104 
20012105 
20012106 
20012107 
20012108 
20012109 
20012111 
20012112 
20012113 
20012114 
20012115 
20012116 
20012117 
20013100 
20013102 
20013103 
20013104 
20013105 
20013106 
20013107 
20013108 
20013109 
20013111 
20013112 
20013113 
20013114 
20013115 
20013116 
20013117 
20033180 
20033190 
20113100 
20113102 
20113103 
20113104 
20113105 
20113106 
20113107 
20113108 
20113109 
20113111 
20113112 
20113113 
20113114 
20113115 
20113116 
20113117 
20133180 
25013100 
25013102 
25013103 
25013104 
25013105 
25013106 
25013107 
25013108 
25013109 
25013111 
25013112 
25013113 
25013114 
25013115 
25013116 
25013117 
25033180 
25033190 
27011100 
27011102 
27011103 
27011104 
27011105 
27011106 
27011107 
27011108 
27011109 
27011111 
27011112 
27011113 
27011114 
27011115 
27011116 
27011117 
27031180 
27111100 
27111102 
27111103 
27111104 
27111105 
27111106 
27111107 
27111108 
27111109 
27111111 
27111112 
27111113 
27111114 
27111115 
27111116 
27111117 
27131180 
28011100 
28011102 
28011103 
28011104 
28011105 
28011106 
28011107 
28011108 
28011109 
28011111 
28011112 
28011113 
28011114 
28011115 
28011116 
28011117 
28031180 
31011100 
31011102 
31011103 
31011104 
31011105 
31011106 
31011107 
31011108 
31011109 
31011111 
31011112 
31011113 
31011114 
31011115 
31011116 
31011117 
31011118 
31012100 
31012102 
31012103 
31012104 
31012105 
31012106 
31012107 
31012108 
31012109 
31012111 
31012112 
31012113 
31012114 
31012115 
31012116 
31012117 
31013100 
31013102 
31013103 
31013104 
31013105 
31013106 
31013107 
31013108 
31013109 
31013111 
31013112 
31013113 
31013114 
31013115 
31013116 
31013117 
31014100 
31014102 
31014103 
31014104 
31014105 
31014106 
31014107 
31014108 
31014109 
31014111 
31014112 
31014113 
31014114 
31014115 
31014116 
31014117 
31014118 
31033180 
31034180 
33013100 
33013102 
33013103 
33013104 
33013105 
33013106 
33013107 
33013108 
33013109 
33013111 
33013112 
33013113 
33013114 
33013115 
33013116 
33013117 
33033180 
35013100 
35013102 
35013103 
35013104 
35013105 
35013106 
35013107 
35013108 
35013109 
35013111 
35013112 
35013113 
35013114 
35013115 
35013116 
35013117 
35033180 
36013100 
36013102 
36013103 
36013104 
36013105 
36013106 
36013107 
36013108 
36013109 
36013111 
36013112 
36013113 
36013114 
36013115 
36013116 
36013117 
36033180 
37013100 
37013102 
37013103 
37013104 
37013105 
37013106 
37013107 
37013108 
37013109 
37013111 
37013112 
37013113 
37013114 
37013115 
37013116 
37013117 
37033180 
38013100 
38013102 
38013103 
38013104 
38013105 
38013106 
38013107 
38013108 
38013109 
38013111 
38013112 
38013113 
38013114 
38013115 
38013116 
38013117 
38032180 
41013100 
41013102 
41013103 
41013104 
41013105 
41013106 
41013107 
41013108 
41013109 
41013111 
41013112 
41013113 
41013114 
41013115 
41013116 
41013117 
41033180 
45013100 
45013102 
45013103 
45013104 
45013105 
45013106 
45013107 
45013108 
45013109 
45013111 
45013112 
45013113 
45013114 
45013115 
45013116 
45013117 
45033180 
46013100 
46013102 
46013103 
46013104 
46013105 
46013106 
46013107 
46013108 
46013109 
46013111 
46013112 
46013113 
46013114 
46013115 
46013116 
46013117 
46033180 
47013100 
47013102 
47013103 
47013104 
47013105 
47013106 
47013107 
47013108 
47013109 
47013111 
47013112 
47013113 
47013114 
47013115 
47013116 
47013117 
47032180 
47113100 
47113102 
47113103 
47113104 
47113105 
47113106 
47113107 
47113108 
47113109 
47113111 
47113112 
47113113 
47113114 
47113115 
47113116 
47113117 
47132180 
48013100 
48013102 
48013103 
48013104 
48013105 
48013106 
48013107 
48013108 
48013109 
48013111 
48013112 
48013113 
48013114 
48013115 
48013116 
48013117 
48113100 
48113102 
48113103 
48113104 
48113105 
48113106 
48113107 
48113108 
48113109 
48113111 
48113112 
48113113 
48113114 
48113115 
48113116 
48113117 
66012111 
66012112 
66012113 
66012114 
66012115 
67012111 
67012112 
67012113 
67012114 
67012115 
68012101 
68012102 
68012103 
68012104 
68012105 
68012111 
68012112 
68012113 
68012114 
68012115 
81050010 
81060000 
81060010 
81060020 
81060030 
81060035 
81060040 
81061000 
81061010 
81061020 
81061030 
81061040 
81062000 
81062010 
81062020 
81062030 
81062040 
81063000 
81063005 
81063010 
81063020 
81063030 
81063035 
81063040 
81074200 
81074201 
81074202 
81074203 
81074204 
81074205 
81074206 
81074207 
81074300 
81074301 
81074302 
81074303 
81074304 
81074305 
81074306 
81074307 
81074400 
81074401 
81074402 
81074403 
81074404 
81074405 
81074406 
81074407 
81074500 
81074501 
81074502 
81074503 
81074504 
81074505 
81074506 
81074507 
81075200 
81075201 
81075202 
81075203 
81075204 
81075205 
81075206 
81075207 
81075300 
81075301 
81075302 
81075303 
81075304 
81075305 
81075306 
81075307 
81075400 
81075401 
81075402 
81075403 
81075404 
81075405 
81075406 
81075407 
81075500 
81075501 
81075502 
81075503 
81075504 
81075505 
81075506 
81075507 
99923100 
99923110 
99933100 
99933110 
99933120 
99933121 
99933130 
99940100 
99940101 
99940102 
99940103 
99940104 
99940105 
99940106 
99953100 
99953110 
99953120 
99953130 
99956100 
99956101 
99956102 
99956103 
99956104 
99956110 
99956120 
99956130 
99956210 
99956220 
99956230 
99957100 
99957110 
99957120 
99957130 
99957140 
99957210 
99957220 
99957230 
99957310 
99957320 
99957330 
99958010 
99959010 
99960010 
99963100 
99963110 
99985410 
99985420 
99985430 
99986020 
99986021 
99986022 
99986023 
99986024 
99986025 
99986026 
99986027 
99986028 
99986029 
99986030 
99986035 
99986040 
99986050 
99986051 
99986129 
99987010 
99987020 
99987030 
99987040 
99987050 
99987051 
99987060 
99987070 
99987071 
99988010 
99988020 
99988110 
99989010 
99990010 
99991010 
99992010 
99992011 
99992020 
99993010 
99993020 
99993030 
100000000 
100000010 
100000020 
100000030 
100000040 
100000050 
100000060 
100000070 
100000080 
100000090 
100000100 
100000110 
100000120 
100000130 
100000200 
100000300 
100000310 
103013100 
103013102 
103013103 
103013104 
103013109 
103013111 
103013112 
103013113 
103013120 
103013130 
103013135 
106012100 
106012101 
106012110 
106012111 
114011102 
114011111 
114013100 
114013102 
114013103 
114013104 
114013105 
114013106 
114013107 
114013108 
114013109 
114013111 
114013112 
114013113 
114013114 
114013115 
114013116 
114013117 
114013200 
114031180 
115011111 
116011100 
116011102 
116011111 
125013100 
125013102 
125013103 
125013104 
125013105 
125013106 
125013107 
125013108 
125013109 
125013111 
125013112 
125013113 
125013114 
125013115 
125013116 
125013117 
125033180 
199900100 
199900110 
200000200 
200000210 
200000220 
200000230 
200000240 
200010000 
200020010 
200020020 
200020030 
200030010 
200030020 
200030030 
200031010 
200031020 
200031030 
200040010 
200040020 
200040030 
200050010 
200050020 
200100010 
200100020 
200100030 
200100110 
200100120 
200100130 
200200000 
200200010 
200200020 
200200030 
200200040 
200300000 
200300010 
200300020 
200300030 
200300040 
200300100 
200300110 
200300120 
200300130 
200300140 
200400000 
200400010 
200400020 
200400030 
200400040 
200400100 
200400110 
200400120 
200400130 
200400140 
200500000 
200500010 
200500020 
200500030 
200500040 
200500100 
200500110 
200500120 
200500130 
200500140 
200510000 
200510010 
200510020 
200510030 
200510040 
200520010 
200520020 
200520030 
200530010 
200530020 
200530030 
200540010 
200540020 
200540030 
200550010 
200550020 
200550030 
200560010 
200561010 
200562010 
200563010 
200600010 
200610010 
200610011 
200610020 
200610021 
200620010 
200620011 
200620012 
200620013 
200620020 
200630010 
200630011 
200630020 
200630021 
200630030 
200630110 
200630120 
200630130 
200640010 
200641010 
200700000 
200700010 
200700020 
200700030 
200700040 
200700100 
200700110 
200700120 
200700130 
200700140 
200710000 
200720000 
225013111 
530103101 
530103102 
530103103 
530103104 
530103105 
530103106 
530103108 
530103111 
530103112 
530103113 
530103114 
530103115 
530103116 
530103118 
530103201 
530103202 
530103203 
530103204 
530103205 
530103206 
530103208 
530103211 
530103212 
530103213 
530103214 
530103215 
530103216 
530103218 
530602101 
530602102 
530602103 
530602104 
530602105 
530602106 
530602107 
530602108 
530602111 
530602112 
530602113 
530602114 
530602115 
530602116 
530602117 
530602118 
531010101 
531010102 
531010103 
531010104 
531010105 
531010106 
531010107 
531010108 
531010111 
531010112 
531010113 
531010114 
531010115 
531010116 
531010117 
531010118 
531010201 
531010202 
531010203 
531010204 
531010205 
531010206 
531010207 
531010208 
531010211 
531010212 
531010213 
531010214 
531010215 
531010216 
531010217 
531010218 
531010401 
531010402 
531010403 
531010404 
531010405 
531010406 
531010407 
531010408 
531010411 
531010412 
531010413 
531010414 
531010415 
531010416 
531010417 
531010418 
531010501 
531010502 
531010503 
531010504 
531010505 
531010506 
531010507 
531010508 
531010511 
531010512 
531010513 
531010514 
531010515 
531010516 
531010517 
531010518 
540103101 
540103102 
540103103 
540103104 
540103105 
540103106 
540103108 
540103111 
540103112 
540103113 
540103114 
540103115 
540103116 
540103118 
540103201 
540103202 
540103203 
540103204 
540103205 
540103206 
540103208 
540103221 
540103222 
540103223 
540103224 
540103225 
540103226 
540103228 
540201101 
540201102 
540201103 
540201104 
540201105 
540201106 
540201107 
540201108 
540201111 
540201112 
540201113 
540201114 
540201115 
540201116 
540201117 
540201118 
540501101 
540501102 
540501103 
540501104 
540501105 
540501106 
540501107 
540501108 
540501111 
540501112 
540501113 
540501114 
540501115 
540501116 
540501117 
540501118 
540502101 
540502102 
540502103 
540502104 
540502105 
540502106 
540502107 
540502108 
540502109 
540502111 
540502112 
540502113 
540502114 
540502115 
540502116 
540502117 
540502118 
540601101 
540601102 
540601103 
540601104 
540601105 
540601106 
540601107 
540601108 
540601111 
540601112 
540601113 
540601114 
540601115 
540601116 
540601117 
540601118 
540602101 
540602102 
540602103 
540602104 
540602105 
540602106 
540602107 
540602108 
540602111 
540602112 
540602113 
540602114 
540602115 
540602116 
540602117 
540602118 
540703101 
540703102 
540703103 
540703104 
540703105 
540703106 
540703107 
540703108 
540703111 
540703112 
540703113 
540703114 
540703115 
540703116 
540703117 
540703118 
541001101 
541001102 
541001103 
541001104 
541001105 
541001106 
541001111 
541001112 
541001113 
541001114 
541001115 
541001116 
541002101 
541002102 
541002103 
541002104 
541002105 
541002106 
541002107 
541002108 
541002111 
541002112 
541002113 
541002114 
541002115 
541002116 
541002117 
541002118 
541003101 
541003102 
541003103 
541003104 
541003105 
541003106 
541003107 
541003111 
541003112 
541003113 
541003114 
541003115 
541003116 
541201101 
541201102 
541201103 
541201104 
541201105 
541201106 
541201107 
541201108 
541201111 
541201112 
541201113 
541201114 
541201115 
541201116 
541201117 
541201118 
541202101 
541202102 
541202103 
541202104 
541202105 
541202106 
541202107 
541202108 
541202111 
541202112 
541202113 
541202114 
541202115 
541202116 
541202117 
541202118 
541301101 
541301102 
541301103 
541301104 
541301105 
541301106 
541301107 
541301108 
541301111 
541301112 
541301113 
541301114 
541301115 
541301116 
541301117 
541301118 
541302101 
541302102 
541302103 
541302104 
541302105 
541302106 
541302107 
541302108 
541302111 
541302112 
541302113 
541302114 
541302115 
541302116 
541302117 
541302118 
541401101 
541401102 
541401103 
541401104 
541401105 
541401106 
541401107 
541401108 
541401111 
541401112 
541401113 
541401114 
541401115 
541401116 
541401117 
541401118 
541402101 
541402102 
541402103 
541402104 
541402105 
541402106 
541402107 
541402108 
541402111 
541402112 
541402113 
541402114 
541402115 
541402116 
541402117 
541402118 
541601101 
541601102 
541601103 
541601104 
541601105 
541601106 
541601107 
541601111 
541601112 
541601113 
541601114 
541601115 
541601116 
541601117 
541602101 
541602102 
541602103 
541602104 
541602105 
541602106 
541602111 
541602112 
541602113 
541602114 
541602115 
541602116 
541701101 
541701102 
541701103 
541701104 
541701105 
541701106 
541701107 
541701111 
541701112 
541701113 
541701114 
541701115 
541701116 
541701117 
541701201 
541701202 
541701203 
541701204 
541701205 
541701206 
541701207 
541701211 
541701212 
541701213 
541701214 
541701215 
541701216 
541701217 
541702101 
541702102 
541702103 
541702104 
541702105 
541702106 
541702111 
541702112 
541702113 
541702114 
541702115 
541702116 
541702201 
541702202 
541702203 
541702204 
541702205 
541702206 
541702211 
541702212 
541702213 
541702214 
541702215 
541702216 
542303101 
542303102 
542303103 
542303104 
542303105 
542303106 
542303107 
542303111 
542303112 
542303113 
542303114 
542303115 
542303116 
542303117 
542503101 
542503102 
542503103 
542503104 
542503105 
542503106 
542503107 
542503111 
542503112 
542503113 
542503114 
542503115 
542503116 
542503117 
542701101 
542701102 
542701103 
542701104 
542701105 
542701106 
542701111 
542701112 
542701113 
542701114 
542701115 
542701116 
542701117 
542801101 
542801102 
542801103 
542801104 
542801105 
542801106 
542801107 
542801108 
542801111 
542801112 
542801113 
542801114 
542801115 
542801116 
542801117 
542801118 
542811101 
542811102 
542811103 
542811104 
542811105 
542811111 
542811112 
542811113 
542811114 
542811115 
542901101 
542901102 
542901103 
542901104 
542901105 
542901106 
542901111 
542901112 
542901113 
542901114 
542901115 
542901116 
542901117 
543602101 
543602102 
543602103 
543602104 
543602105 
543602106 
543602111 
543602112 
543602113 
543602114 
543602115 
543602116 
543605101 
544101101 
544101102 
544101103 
544101104 
544101105 
544101106 
544101107 
544101108 
544101111 
544101112 
544101113 
544101114 
544101115 
544101116 
544101117 
544101118 
544301101 
544301102 
544301103 
544301104 
544301105 
544301106 
544301107 
544301108 
544301111 
544301112 
544301113 
544301114 
544301115 
544301116 
544301117 
544301118 
544501101 
544501102 
544501103 
544501104 
544501105 
544501106 
544501107 
544501108 
544501111 
544501112 
544501113 
544501114 
544501115 
544501116 
544501117 
544501118 
544902101 
544902102 
544902103 
544902104 
544902105 
544902106 
544902107 
544902108 
544902111 
544902112 
544902113 
544902114 
544902115 
544902116 
544902117 
544902118 
548004101 
548004102 
548004103 
548004104 
548004105 
548004106 
548004107 
548004108 
548004111 
548004112 
548004113 
548004114 
548004115 
548004116 
548004117 
548004118 
550103101 
550103102 
550103103 
550103104 
550103105 
550103106 
550103107 
550103108 
550103111 
550103112 
550103113 
550103114 
550103115 
550103116 
550103117 
550103118 
550201101 
550201102 
550201103 
550201104 
550201105 
550201106 
550201107 
550201108 
550201111 
550201112 
550201113 
550201114 
550201115 
550201116 
550201117 
550201118 
551001101 
551001102 
551001103 
551001104 
551001105 
551001106 
551001111 
551001112 
551001113 
551001114 
551001115 
551001116 
551002101 
551002102 
551002103 
551002104 
551002105 
551002106 
551002107 
551002108 
551002111 
551002112 
551002113 
551002114 
551002115 
551002116 
551002117 
551002118 
551003101 
551003102 
551003103 
551003104 
551003105 
551003106 
551003107 
551003111 
551003112 
551003113 
551003114 
551003115 
551003116 
551102101 
551102102 
551102103 
551102104 
551102105 
551102106 
551102107 
551102108 
551102111 
551102112 
551102113 
551102114 
551102115 
551102116 
551102117 
551102118 
551301101 
551301102 
551301103 
551301104 
551301105 
551301106 
551301107 
551301108 
551301111 
551301112 
551301113 
551301114 
551301115 
551301116 
551301117 
551301118 
551302101 
551302102 
551302103 
551302104 
551302105 
551302106 
551302107 
551302108 
551302111 
551302112 
551302113 
551302114 
551302115 
551302116 
551302117 
551302118 
551311101 
551311102 
551311103 
551311104 
551311105 
551311106 
551311107 
551311108 
551311111 
551311112 
551311113 
551311114 
551311115 
551311116 
551311117 
551311118 
551312101 
551312102 
551312103 
551312104 
551312105 
551312106 
551312107 
551312108 
551312111 
551312112 
551312113 
551312114 
551312115 
551312116 
551312117 
551312118 
551401101 
551401102 
551401103 
551401104 
551401105 
551401106 
551401107 
551401108 
551401111 
551401112 
551401113 
551401114 
551401115 
551401116 
551401117 
551401118 
551402101 
551402102 
551402103 
551402104 
551402105 
551402106 
551402107 
551402108 
551402111 
551402112 
551402113 
551402114 
551402115 
551402116 
551402117 
551402118 
551501101 
551501102 
551501103 
551501104 
551501105 
551501106 
551501107 
551501108 
551501111 
551501112 
551501113 
551501114 
551501115 
551501116 
551501117 
551501118 
552303101 
552303102 
552303103 
552303104 
552303105 
552303106 
552303107 
552303111 
552303112 
552303113 
552303114 
552303115 
552303116 
552303117 
552503101 
552503102 
552503103 
552503104 
552503105 
552503106 
552503107 
552503111 
552503112 
552503113 
552503114 
552503115 
552503116 
552503117 
552801101 
552801102 
552801103 
552801104 
552801105 
552801106 
552801107 
552801111 
552801112 
552801113 
552801114 
552801115 
552801116 
552801117 
553602101 
553602102 
553602103 
553602104 
553602105 
553602106 
553602111 
553602112 
553602113 
553602114 
553602115 
553602116 
553605101 
554603101 
554603102 
554603103 
554603104 
554603105 
554603106 
554603107 
554603108 
554603111 
554603112 
554603113 
554603114 
554603115 
554603116 
554603117 
554603118 
560102101 
560102102 
560102103 
560102104 
560102105 
560102106 
560102111 
560102112 
560102113 
560102114 
560102115 
560102116 
560103101 
560103102 
560103103 
560103104 
560103105 
560103106 
560103107 
560103108 
560103111 
560103112 
560103113 
560103114 
560103115 
560103116 
560103117 
560103118 
560103601 
560103602 
560103603 
560103604 
560103605 
560103606 
560103611 
560103612 
560103613 
560103614 
560103615 
560103616 
560106110 
561501101 
561501102 
561501103 
561501104 
561501105 
561501106 
561501107 
561501108 
561501109 
561501111 
561501112 
561501113 
561501114 
561501115 
561501116 
561501117 
561501118 
561601101 
561601102 
561601103 
561601104 
561601105 
561601106 
561601107 
561601108 
561601111 
561601112 
561601113 
561601114 
561601115 
561601116 
561601117 
561601118 
561602101 
561602102 
561602103 
561602104 
561602105 
561602106 
561602107 
561602108 
561602111 
561602112 
561602113 
561602114 
561602115 
561602116 
561602117 
561602118 
562303101 
562303102 
562303103 
562303104 
562303105 
562303106 
562303107 
562303111 
562303112 
562303113 
562303114 
562303115 
562303116 
562303117 
569004401 
569004402 
569004403 
569004404 
569004405 
569004406 
569004407 
569004411 
569004412 
569004413 
569004414 
569004415 
569004416 
569004601 
569004602 
569004603 
569004604 
569004605 
569004606 
569004611 
569004612 
569004613 
569004614 
569004615 
569004616 
569005401 
569005402 
569005403 
569005404 
569005405 
569005406 
569005411 
569005412 
569005413 
569005414 
569005415 
569005416 
569005601 
569005602 
569005603 
569005604 
569005605 
569005606 
569005611 
569005612 
569005613 
569005614 
569005615 
569005616 
570103101 
570103102 
570103103 
570103104 
570103105 
570103106 
570103107 
570103111 
570103112 
570103113 
570103114 
570103115 
570103116 
570103117 
570106100 
572303101 
572303102 
572303103 
572303104 
572303105 
572303106 
572303107 
572303111 
572303112 
572303113 
572303114 
572303115 
572303116 
572303117 
579004401 
579004402 
579004403 
579004404 
579004405 
579004406 
579004411 
579004412 
579004413 
579004414 
579004415 
579004416 
579005401 
579005402 
579005403 
579005404 
579005405 
579005406 
579005411 
579005412 
579005413 
579005414 
579005415 
579005416 
590000000 
590000100 
590000200 
590000300 
590000400 
590000500 
590000600 
590006000 
590006100 
590006200 
590006300 
590006400 
590006500 
590006600 
590007000 
590007100 
590007200 
590007300 
590007400 
590007500 
590007600 
590008000 
590008100 
590008200 
590008300 
590008400 
590008500 
590008600 
590009000 
590009010 
590009100 
590009200 
590009210 
590009300 
590009400 
590009500 
590009600 
590010000 
590010100 
590010200 
590010300 
590010400 
590010500 
590010600 
590011000 
590011100 
590011200 
590011300 
590011400 
590011500 
590011600 
590012000 
590012100 
590012200 
590012300 
590012400 
590012500 
590012600 
590013000 
590013100 
590013200 
590013300 
590013400 
590013500 
590013600 
590014000 
590014100 
590014200 
590014300 
590014400 
590014500 
590014600 
590015100 
590015200 
590015300 
590016100 
590016200 
590016300 
590017100 
590017200 
590017300 
590020000 
590020100 
590020200 
590020300 
590020400 
590020500 
590020600 
590030000 
590030100 
590030200 
590030300 
590031000 
590031100 
590031200 
590031300 
590031400 
590031500 
590031600 
590040000 
590040100 
590040200 
590040300 
590040400 
590040500 
590040600 
590050000 
590050010 
590070000 
590070100 
590070200 
590070300 
590070400 
590070500 
590070600 
591512000 
591512010 
600000000 
601000000 
601000010 
601000100 
601000200 
601000210 
601000300 
602000000 
602000100 
602000200 
610000000 
610000010 
610000020 
610000030 
700000010 
700000020 
700000030 
700000040 
700000050 
700000060 
700000070 
700001010 
700001020 
700001030 
700001040 
700001050 
700001060 
700001070 
700002010 
700002020 
700002030 
700002040 
700002050 
700002060 
700002070 
700003010 
700003020 
700003030 
700003040 
700003050 
700003060 
700003070 
700010000 
700010010 
700010020 
700010030 
700010040 
700010050 
700010100 
700010110 
700010120 
700010130 
700010140 
700010150 
700010200 
700010210 
700010220 
700010230 
700010240 
700010250 
700010300 
700010310 
700010320 
700010330 
700010340 
700010350 
700010400 
700010410 
700010420 
700010430 
700010440 
700010450 
700010490 
700010500 
700010510 
700010520 
700010530 
700010540 
700010550 
700010600 
700010700 
700010710 
700010800 
715400000 
715400010 
715400020 
715400030 
715400100 
715400110 
715400120 
715400200 
715401000 
715401010 
715401020 
715401030 
721200000 
721200010 
721200020 
721200030 
721201000 
721201010 
721201020 
721201030 
722350000 
722350010 
722350020 
722350030 
722351000 
722351010 
730330000 
730330010 
730330020 
730330030 
730330040 
730330050 
730330060 
730330070 
730330080 
730500000 
730500010 
730500020 
730500030 
730500040 
730500050 
730500060 
730500070 
730500080 
730501000 
730501010 
730501020 
730960000 
730960010 
730960020 
730960030 
730960060 
730960070 
730960080 
730961000 
730961010 
731800000 
731800010 
731800020 
731800030 
731800040 
731800050 
731800060 
731800070 
731800080 
731801000 
731801010 
731801020 
732400000 
732400010 
732400020 
732400030 
732400040 
732400050 
732400060 
732400070 
732400075 
732400080 
732401000 
732401010 
732500000 
732500010 
732500020 
732500030 
732500040 
732501000 
732600000 
732600010 
732600020 
732600030 
732600040 
732600050 
732600060 
732601000 
732601010 
732601020 
733200000 
733200005 
733200010 
733200020 
733200025 
733200030 
733200040 
733200050 
733200060 
733200070 
733200080 
733201000 
733300000 
733300001 
733300010 
733300020 
733300030 
733300040 
733300050 
733300100 
733301000 
733400000 
733400005 
733400010 
733400020 
733400025 
733400030 
733400040 
733400050 
733400060 
733400070 
733401000 
733401010 
733401020 
750000000 
750000010 
750000020 
750000030 
750000040 
750001000 
750001010 
750001020 
750100000 
750100010 
750100020 
750100030 
750100040 
750100050 
750101000 
750101010 
750200000 
750200010 
750200020 
750200030 
750200040 
750200050 
750200060 
750201000 
750300000 
750300010 
750300020 
750300030 
750300040 
750300050 
750300060 
750300070 
750301000 
750301010 
750301020 
750361000 
750400000 
750400010 
750400020 
750400025 
750400030 
750400040 
750400050 
750400060 
750401000 
750401010 
750401020 
750610000 
750610010 
750610020 
750611000 
750611010 
750611020 
750611030 
750611040 
751460000 
751460010 
751460020 
751460030 
751461000 
760000000 
760000010 
760001000 
760001010 
760200000 
760200010 
760200020 
760200030 
760200040 
760200050 
760200060 
760200070 
760201000 
760300000 
760300010 
760300020 
760300030 
760300040 
760300050 
760300060 
760300070 
760300080 
760300090 
760301000 
760301010 
760301020 
760301030 
760302000 
760700000 
760700010 
760700020 
760700030 
760701000 
760701010 
760701020 
760701030 
760701040 
761100000 
761100010 
761100020 
761100030 
761100040 
761101000 
761910000 
761910010 
761910020 
761910030 
761910040 
761910050 
761919000 
762500000 
762500010 
762500020 
762500030 
762500040 
762500050 
762500060 
762500070 
762500080 
762500090 
762501000 
762501010 
762600000 
762600010 
762600020 
762600030 
762600040 
762600050 
762600060 
762600070 
762700000 
762700010 
762700020 
762701000 
762701010 
762701020 
762701030 
762701040 
764990000 
765000000 
765000010 
765000020 
765000030 
765000040 
765000050 
765000060 
765000070 
765000080 
765001000 
765001010 
765100000 
765100010 
765100020 
765100030 
765100040 
765101000 
765101010 
765300000 
765300010 
765300020 
765300100 
765300110 
765300120 
765300125 
765300130 
765300200 
765300210 
765300220 
765300230 
765300240 
765301000 
765400000 
765400010 
765401000 
765600000 
765600001 
765600010 
765600011 
765600020 
765600021 
765600030 
765600031 
765601000 
765700000 
765700010 
765701000 
765900000 
765900010 
765900020 
765900030 
765900040 
765900050 
766000000 
766000010 
766000020 
766000100 
766000101 
766000110 
766000111 
766000120 
766000200 
766000210 
766100000 
766100001 
766100010 
766100011 
766100020 
766100021 
766100030 
766100040 
766100041 
766100042 
766200000 
766200010 
766200020 
766200030 
766300000 
766300010 
766300020 
766300030 
766300040 
766300050 
766300100 
766300101 
766300200 
766300210 
766300220 
766300230 
766300240 
766500000 
766500010 
766500020 
766501000 
766501010 
766600000 
766600010 
766600020 
766601000 
766601010 
766601020 
766601030 
766602000 
766602010 
767001000 
767001010 
767001020 
767200000 
767200010 
767200020 
767500000 
767500010 
767500020 
767500030 
767500100 
767500110 
767500120 
767501000 
767501010 
767501020 
767501030 
767700000 
767700010 
767700020 
767700100 
767700110 
767700120 
767700130 
767800000 
767800001 
767800010 
767800011 
767800020 
767800021 
767800030 
767800031 
767800040 
767800050 
767900000 
767900001 
767900002 
767900005 
767900006 
767900010 
767900011 
767900030 
767900040 
767900050 
767900060 
767900061 
767900070 
767900080 
768000000 
768000010 
768000020 
768000025 
768000026 
768000030 
768000040 
768000050 
768000060 
768000070 
768000080 
768000090 
768000100 
768100000 
768100005 
768100010 
768100020 
768101000 
768101010 
768101020 
768101030 
768101040 
768101050 
768101060 
768101070 
768101080 
768101090 
768101100 
768101110 
768101120 
768200000 
768200010 
768200020 
768200030 
768200040 
768201000 
768201010 
768201020 
768300000 
768300010 
768300020 
768300030 
768300040 
768301000 
768301010 
768301020 
768800000 
768800010 
768800020 
768800030 
768800040 
768800041 
768800050 
768800060 
768800061 
768800070 
768800071 
768800080 
768800090 
768800100 
768800110 
768800120 
768800130 
768800140 
768800141 
768900000 
768900010 
768900020 
768900030 
768900100 
768900110 
768900111 
768900120 
768900200 
768900201 
768900210 
768900211 
768900220 
768900230 
768900240 
768900250 
768900260 
768900270 
769000000 
769000010 
769000020 
769000021 
769000030 
769000031 
769000040 
769000050 
769000060 
769000070 
769000080 
769000081 
769000082 
769000090 
799900000 
799900010 
820900000 
831100000 
831500000 
848104101 
848104102 
848104103 
848104104 
848104105 
848104106 
848104107 
848104108 
848104111 
848104112 
848104113 
848104114 
848104115 
848104116 
848104117 
848104118 
848204101 
848204102 
848204103 
848204104 
848204105 
848204106 
848204107 
848204108 
848204111 
848204112 
848204113 
848204114 
848204115 
848204116 
848204117 
848204118 
848204119 
848304101 
848304102 
848304103 
848304104 
848304105 
848304106 
848304107 
848304108 
848304111 
848304112 
848304113 
848304114 
848304115 
848304116 
848304117 
848304118 
865100000 
869200000 
869200100 
869200110 
869200300 
869200400 
869200490 
869200491 
869200492 
869200500 
869200510 
869200600 
869200700 
869200790 
869200800 
869200900 
869200910 
999999998 
999999999 
