0 
1 
2 
3 
4 
5 
6 
7 
8 
9 
10 
11 
12 
13 
14 
15 
16 
17 
18 
19 
20 
21 
22 
23 
24 
25 
26 
27 
28 
29 
30 
31 
32 
33 
34 
35 
36 
37 
38 
39 
40 
41 
42 
43 
1000 
1001 
1002 
1003 
1004 
1005 
1006 
1007 
1008 
1009 
1010 
1011 
1012 
1013 
1014 
1015 
1016 
1017 
1018 
1019 
1020 
1021 
1022 
1023 
1024 
1025 
1026 
1027 
1028 
1029 
1030 
1031 
1032 
1033 
1034 
1035 
1036 
1037 
1038 
1039 
1040 
1041 
1042 
1043 
2000 
2001 
2002 
2003 
2004 
2005 
2006 
2007 
2008 
2009 
2010 
2011 
2012 
2013 
2014 
2015 
2016 
2017 
2018 
2019 
2020 
2021 
2022 
2023 
2024 
2025 
2026 
2027 
2028 
2029 
2030 
2031 
2032 
2033 
2034 
2035 
2036 
2037 
2038 
2039 
2040 
2041 
2042 
2043 
3000 
3001 
3002 
3003 
3004 
3005 
3006 
3007 
3008 
3009 
3010 
3011 
3012 
3013 
3014 
3015 
3016 
3017 
3018 
3019 
3020 
3021 
3022 
3023 
3024 
3025 
3026 
3027 
3028 
3029 
3030 
3031 
3032 
3033 
3034 
3035 
3036 
3037 
3038 
3039 
3040 
3041 
3042 
3043 
10000 
10001 
10002 
10003 
10004 
10005 
10006 
10007 
10008 
10009 
10010 
10011 
10012 
10013 
10014 
10015 
10016 
10017 
10018 
10019 
10020 
10021 
10022 
10023 
10024 
10025 
10026 
10027 
10028 
10029 
10030 
10031 
10032 
10033 
10034 
10035 
10036 
10037 
10038 
10039 
10040 
10041 
10042 
10043 
11000 
11001 
11002 
11003 
11004 
11005 
11006 
11007 
11008 
11009 
11010 
11011 
11012 
11013 
11014 
11015 
11016 
11017 
11018 
11019 
11020 
11021 
11022 
11023 
11024 
11025 
11026 
11027 
11028 
11029 
11030 
11031 
11032 
11033 
11034 
11035 
11036 
11037 
11038 
11039 
11040 
11041 
11042 
11043 
12000 
12001 
12002 
12003 
12004 
12005 
12006 
12007 
12008 
12009 
12010 
12011 
12012 
12013 
12014 
12015 
12016 
12017 
12018 
12019 
12020 
12021 
12022 
12023 
12024 
12025 
12026 
12027 
12028 
12029 
12030 
12031 
12032 
12033 
12034 
12035 
12036 
12037 
12038 
12039 
12040 
12041 
12042 
12043 
13000 
13001 
13002 
13003 
13004 
13005 
13006 
13007 
13008 
13009 
13010 
13011 
13012 
13013 
13014 
13015 
13016 
13017 
13018 
13019 
13020 
13021 
13022 
13023 
13024 
13025 
13026 
13027 
13028 
13029 
13030 
13031 
13032 
13033 
13034 
13035 
13036 
13037 
13038 
13039 
13040 
13041 
13042 
13043 
20000 
20001 
20002 
20003 
20004 
20005 
20006 
20007 
20008 
20009 
20010 
20011 
20012 
20013 
20014 
20015 
20016 
20017 
20018 
20019 
20020 
20021 
20022 
20023 
20024 
20025 
20026 
20027 
20028 
20029 
20030 
20031 
20032 
20033 
20034 
20035 
20036 
20037 
20038 
20039 
20040 
20041 
20042 
20043 
21000 
21001 
21002 
21003 
21004 
21005 
21006 
21007 
21008 
21009 
21010 
21011 
21012 
21013 
21014 
21015 
21016 
21017 
21018 
21019 
21020 
21021 
21022 
21023 
21024 
21025 
21026 
21027 
21028 
21029 
21030 
21031 
21032 
21033 
21034 
21035 
21036 
21037 
21038 
21039 
21040 
21041 
21042 
21043 
22000 
22001 
22002 
22003 
22004 
22005 
22006 
22007 
22008 
22009 
22010 
22011 
22012 
22013 
22014 
22015 
22016 
22017 
22018 
22019 
22020 
22021 
22022 
22023 
22024 
22025 
22026 
22027 
22028 
22029 
22030 
22031 
22032 
22033 
22034 
22035 
22036 
22037 
22038 
22039 
22040 
22041 
22042 
22043 
23000 
23001 
23002 
23003 
23004 
23005 
23006 
23007 
23008 
23009 
23010 
23011 
23012 
23013 
23014 
23015 
23016 
23017 
23018 
23019 
23020 
23021 
23022 
23023 
23024 
23025 
23026 
23027 
23028 
23029 
23030 
23031 
23032 
23033 
23034 
23035 
23036 
23037 
23038 
23039 
23040 
23041 
23042 
23043 
30000 
30001 
30002 
30003 
30004 
30005 
30006 
30007 
30008 
30009 
30010 
30011 
30012 
30013 
30014 
30015 
30016 
30017 
30018 
30019 
30020 
30021 
30022 
30023 
30024 
30025 
30026 
30027 
30028 
30029 
30030 
30031 
30032 
30033 
30034 
30035 
30036 
30037 
30038 
30039 
30040 
30041 
30042 
30043 
31000 
31001 
31002 
31003 
31004 
31005 
31006 
31007 
31008 
31009 
31010 
31011 
31012 
31013 
31014 
31015 
31016 
31017 
31018 
31019 
31020 
31021 
31022 
31023 
31024 
31025 
31026 
31027 
31028 
31029 
31030 
31031 
31032 
31033 
31034 
31035 
31036 
31037 
31038 
31039 
31040 
31041 
31042 
31043 
32000 
32001 
32002 
32003 
32004 
32005 
32006 
32007 
32008 
32009 
32010 
32011 
32012 
32013 
32014 
32015 
32016 
32017 
32018 
32019 
32020 
32021 
32022 
32023 
32024 
32025 
32026 
32027 
32028 
32029 
32030 
32031 
32032 
32033 
32034 
32035 
32036 
32037 
32038 
32039 
32040 
32041 
32042 
32043 
33000 
33001 
33002 
33003 
33004 
33005 
33006 
33007 
33008 
33009 
33010 
33011 
33012 
33013 
33014 
33015 
33016 
33017 
33018 
33019 
33020 
33021 
33022 
33023 
33024 
33025 
33026 
33027 
33028 
33029 
33030 
33031 
33032 
33033 
33034 
33035 
33036 
33037 
33038 
33039 
33040 
33041 
33042 
33043 
40000 
40001 
40002 
40003 
40004 
40005 
40006 
40007 
40008 
40009 
40010 
40011 
40012 
40013 
40014 
40015 
40016 
40017 
40018 
40019 
40020 
40021 
40022 
40023 
40024 
40025 
40026 
40027 
40028 
40029 
40030 
40031 
40032 
40033 
40034 
40035 
40036 
40037 
40038 
40039 
40040 
40041 
40042 
40043 
41000 
41001 
41002 
41003 
41004 
41005 
41006 
41007 
41008 
41009 
41010 
41011 
41012 
41013 
41014 
41015 
41016 
41017 
41018 
41019 
41020 
41021 
41022 
41023 
41024 
41025 
41026 
41027 
41028 
41029 
41030 
41031 
41032 
41033 
41034 
41035 
41036 
41037 
41038 
41039 
41040 
41041 
41042 
41043 
42000 
42001 
42002 
42003 
42004 
42005 
42006 
42007 
42008 
42009 
42010 
42011 
42012 
42013 
42014 
42015 
42016 
42017 
42018 
42019 
42020 
42021 
42022 
42023 
42024 
42025 
42026 
42027 
42028 
42029 
42030 
42031 
42032 
42033 
42034 
42035 
42036 
42037 
42038 
42039 
42040 
42041 
42042 
42043 
43000 
43001 
43002 
43003 
43004 
43005 
43006 
43007 
43008 
43009 
43010 
43011 
43012 
43013 
43014 
43015 
43016 
43017 
43018 
43019 
43020 
43021 
43022 
43023 
43024 
43025 
43026 
43027 
43028 
43029 
43030 
43031 
43032 
43033 
43034 
43035 
43036 
43037 
43038 
43039 
43040 
43041 
43042 
43043 
50000 
50001 
50002 
50003 
50004 
50005 
50006 
50007 
50008 
50009 
50010 
50011 
50012 
50013 
50014 
50015 
50016 
50017 
50018 
50019 
50020 
50021 
50022 
50023 
50024 
50025 
50026 
50027 
50028 
50029 
50030 
50031 
50032 
50033 
50034 
50035 
50036 
50037 
50038 
50039 
50040 
50041 
50042 
50043 
51000 
51001 
51002 
51003 
51004 
51005 
51006 
51007 
51008 
51009 
51010 
51011 
51012 
51013 
51014 
51015 
51016 
51017 
51018 
51019 
51020 
51021 
51022 
51023 
51024 
51025 
51026 
51027 
51028 
51029 
51030 
51031 
51032 
51033 
51034 
51035 
51036 
51037 
51038 
51039 
51040 
51041 
51042 
51043 
52000 
52001 
52002 
52003 
52004 
52005 
52006 
52007 
52008 
52009 
52010 
52011 
52012 
52013 
52014 
52015 
52016 
52017 
52018 
52019 
52020 
52021 
52022 
52023 
52024 
52025 
52026 
52027 
52028 
52029 
52030 
52031 
52032 
52033 
52034 
52035 
52036 
52037 
52038 
52039 
52040 
52041 
52042 
52043 
53000 
53001 
53002 
53003 
53004 
53005 
53006 
53007 
53008 
53009 
53010 
53011 
53012 
53013 
53014 
53015 
53016 
53017 
53018 
53019 
53020 
53021 
53022 
53023 
53024 
53025 
53026 
53027 
53028 
53029 
53030 
53031 
53032 
53033 
53034 
53035 
53036 
53037 
53038 
53039 
53040 
53041 
53042 
53043 
