910 
911 
920 
921 
1000 
1001 
1002 
1003 
1004 
1005 
1006 
1007 
1008 
1010 
1011 
1012 
1013 
1014 
1020 
1021 
1022 
1023 
1024 
1030 
1031 
1040 
1041 
1100 
1110 
1120 
1130 
1150 
1160 
1170 
1180 
1201 
1202 
1203 
1204 
1205 
1206 
1207 
1208 
1209 
1210 
1211 
1212 
1213 
1214 
1215 
1216 
1217 
1218 
1300 
1301 
1302 
1303 
1304 
1305 
1306 
1400 
1500 
1510 
1520 
1521 
1530 
1540 
1541 
1550 
1560 
1600 
1610 
1700 
1710 
1720 
2010 
2020 
2030 
2040 
2041 
2042 
2043 
2044 
2045 
2100 
2110 
2120 
2130 
2140 
2150 
2155 
2160 
2170 
2180 
2190 
2200 
2210 
2220 
2500 
2501 
2502 
2503 
2504 
2505 
2506 
2507 
2508 
2509 
2510 
2511 
2512 
2513 
2514 
2515 
2516 
2517 
2518 
2519 
2520 
2521 
2522 
2523 
2524 
2525 
2526 
2527 
2528 
2529 
2530 
2531 
2532 
2533 
2534 
2535 
2536 
2537 
2538 
2600 
2610 
2620 
2650 
2670 
2700 
2701 
2702 
2703 
2704 
2705 
2706 
2707 
2708 
2709 
2710 
2711 
2712 
2713 
2715 
2716 
2717 
2718 
2719 
2800 
2810 
3000 
3001 
3002 
3003 
3500 
3600 
4000 
5000 
5001 
5002 
300101000 
300102000 
300103000 
300104000 
300105000 
300106000 
300107000 
300108000 
300109000 
300110000 
300111000 
300112000 
300113000 
300114000 
300115000 
300116000 
300117000 
300118000 
300119000 
300120000 
300121000 
300122000 
300123000 
300124000 
300125000 
300126000 
300127000 
300128000 
300129000 
300130000 
300131000 
300132000 
300133000 
300134000 
300135000 
300136000 
300137000 
300138000 
300139000 
300140000 
300141000 
300142000 
300143000 
300144000 
300145000 
300145010 
300145020 
300145030 
300145040 
300145050 
300145060 
300145070 
300145080 
300145090 
300145100 
300145110 
300145120 
300145130 
300145140 
300145150 
300145160 
300145170 
300145180 
300145190 
300145200 
300145210 
300145220 
300145230 
300145240 
300145250 
300145260 
300145270 
300145280 
300145290 
300145300 
300145310 
300145320 
300145330 
300145340 
300145350 
300145360 
300145370 
300145380 
300145390 
300145400 
300145410 
300145420 
300145430 
300145440 
300145450 
300145460 
300145470 
300145480 
300145490 
300145500 
300145510 
300145520 
300145530 
300145540 
300145550 
300145560 
300145570 
300145580 
300145590 
300145600 
