1 
2 
3 
100 
1000 
11000 
12000 
13000 
14000 
15000 
16000 
17000 
18000 
19000 
20000 
21000 
22000 
30000 
30010 
30020 
30030 
40000 
40010 
100010 
100015 
100020 
100025 
100030 
100035 
100040 
100045 
100110 
100115 
100120 
100125 
100130 
100135 
100140 
100145 
100210 
100215 
100220 
100225 
100230 
100235 
100240 
100245 
100310 
100315 
100320 
100325 
100330 
100335 
100340 
100345 
100410 
100415 
100420 
100425 
100430 
100435 
100440 
100445 
100510 
100515 
100520 
100525 
100530 
100535 
100540 
100545 
100610 
100615 
100620 
100625 
100630 
100635 
100640 
100645 
100710 
100715 
100720 
100725 
100730 
100735 
100740 
100745 
100810 
100815 
100820 
100825 
100830 
100835 
100840 
100845 
100910 
100915 
100920 
100925 
100930 
100935 
100940 
100945 
101010 
101015 
101020 
101025 
101030 
101035 
101040 
101045 
101110 
101115 
101120 
101125 
101130 
101135 
101140 
101145 
101210 
101215 
101220 
101225 
101230 
101235 
101240 
101245 
101310 
101315 
101320 
101325 
101330 
101335 
101340 
101345 
101410 
101415 
101420 
101425 
101430 
101435 
101440 
101445 
101510 
101515 
101520 
101525 
101530 
101535 
101540 
101545 
101610 
101615 
101620 
101625 
101630 
101635 
101640 
101645 
101710 
101715 
101720 
101725 
101730 
101735 
101740 
101745 
113000 
115000 
132000 
149000 
150000 
150010 
154000 
204000 
212000 
212010 
216000 
223500 
300000 
303300 
303310 
305000 
309600 
309700 
318000 
318010 
324000 
325000 
325010 
326000 
332000 
333000 
334000 
500000 
500001 
501000 
503000 
504000 
506100 
514600 
600000 
602000 
603000 
607000 
611000 
619100 
625000 
626000 
627000 
653000 
656000 
658000 
670000 
670010 
671000 
675000 
679000 
680000 
680010 
681000 
681010 
682000 
683000 
690000 
692000 
730000 
862000 
