100000010 
100000110 
100000210 
100000310 
100000410 
100000510 
100001000 
100001010 
100001020 
100002000 
100002010 
100002020 
100003000 
100003010 
100003020 
100010000 
100020000 
110002010 
110201710 
110201711 
110204010 
110204110 
110211610 
110211710 
110211810 
110211811 
110304010 
110305010 
110313010 
110500110 
110501210 
110501310 
110501320 
110501330 
110600210 
110600410 
110600510 
110600520 
110600610 
110700510 
110802010 
111300710 
111300711 
111302010 
111302110 
111500210 
111501110 
111800210 
111800211 
111800410 
111800510 
111800610 
111800611 
111800612 
111800613 
111800614 
111800615 
111800710 
111800810 
111800910 
111801010 
111801020 
111801030 
111801110 
111900020 
111900210 
111900310 
111900410 
111900510 
112102220 
112102221 
112103220 
112103221 
112103320 
112103321 
112300210 
112300220 
112300910 
112300950 
112300960 
112400510 
112401410 
112401710 
112401810 
112402510 
112402810 
112402910 
112403010 
112500210 
112500211 
112501110 
112502110 
112503110 
112504110 
112700310 
112701300 
112900010 
112900110 
112900210 
112900310 
112901010 
112901110 
112901210 
112901220 
112901310 
112901410 
113101010 
113101110 
113101210 
113101310 
113101320 
113102010 
113102110 
113102210 
113203010 
113500710 
113502010 
113701110 
113701310 
113701510 
114100610 
114100611 
114100710 
114600310 
114900120 
114900121 
114900340 
114900341 
115201010 
115201110 
115201210 
115202010 
115202110 
115202210 
115203010 
115203110 
115203210 
115400610 
115400710 
115400810 
115400910 
115400920 
120300610 
120400010 
120400011 
120400210 
120400211 
120500310 
120500320 
120500321 
120510310 
120510320 
120510321 
120900710 
120900810 
121000310 
121000320 
121000330 
121000410 
121000420 
121000430 
121000510 
121000530 
121000540 
121000610 
121000630 
121000640 
121200210 
121200220 
121200221 
121200222 
121200230 
121201110 
121201120 
121201121 
121201122 
121201130 
121201210 
121201211 
121201212 
121201310 
121201311 
121201312 
121201410 
121201411 
121201412 
121201510 
121201520 
121201521 
121201522 
121201530 
121201610 
121201611 
121201710 
121400000 
122000310 
122000510 
122000520 
122200410 
122200420 
122200430 
122200510 
122200520 
122200530 
122200610 
122200620 
122200630 
122350000 
122351710 
122351711 
122351712 
130200310 
130200320 
130500000 
130500001 
130500040 
130500320 
130501040 
130501051 
130501053 
130501054 
130501111 
130501113 
130501114 
130501320 
130510000 
130510001 
130510040 
130510320 
130511040 
130511051 
130511053 
130511054 
130511111 
130511113 
130511114 
130511320 
130600710 
130970121 
130970122 
130970231 
130970232 
130970411 
130970511 
130970620 
130970621 
130970622 
131100120 
131302010 
131302110 
131600320 
131600321 
131601020 
131601030 
131601110 
131601120 
131700310 
131700320 
131800720 
131801100 
131801101 
131900710 
131900810 
132100410 
132100420 
132400710 
132400810 
132400910 
132400920 
132400921 
132401010 
132500910 
132500911 
132600000 
132600001 
132600002 
132600320 
132600321 
132600322 
132600910 
132601010 
133100410 
133300910 
133400910 
133401020 
150000211 
150000212 
150001210 
150100710 
150100810 
150100811 
150100812 
150100813 
150100814 
150100815 
150100816 
150100817 
150100818 
150100819 
150100910 
150100911 
150100912 
150100913 
150300010 
150300110 
150301110 
150301210 
150301211 
150301212 
150301213 
150301214 
150301220 
150400820 
150400840 
150400841 
150400842 
150400843 
150400844 
150400845 
150400860 
150400870 
150400871 
150400872 
150400873 
150400930 
150610001 
150610002 
150610003 
150610005 
150610210 
150610310 
150610410 
150610411 
150610412 
150610510 
150620000 
150620010 
150620110 
150620200 
150650710 
150650720 
150650730 
150650810 
150900210 
150900220 
150900310 
150900410 
150900510 
150900511 
150900512 
150900513 
150900520 
150900530 
150900540 
150900610 
150900710 
150900720 
151200310 
151200311 
151200312 
151200320 
151200321 
151200322 
151200323 
151200410 
151200420 
151200430 
151200440 
151200510 
151200520 
151200530 
151200540 
151200610 
151460610 
160000000 
160000610 
160000611 
160000612 
160000613 
160000620 
160000621 
160000622 
160000623 
160000630 
160000631 
160000632 
160000633 
160000710 
160000711 
160000712 
160000720 
160000721 
160000722 
160000730 
160000731 
160000732 
160000740 
160000741 
160000742 
160000750 
160000751 
160000752 
160000810 
160000811 
160000812 
160000813 
160100410 
160100411 
160100412 
160100510 
160100511 
160100610 
160100611 
160100910 
160100911 
160200000 
160200002 
160200003 
160200011 
160201040 
160201110 
160301050 
160301051 
160301052 
160301053 
160301150 
160301151 
160301152 
160301153 
160301250 
160301251 
160301252 
160301253 
160301350 
160301351 
160301352 
160301353 
160301410 
160301510 
160301610 
160301710 
160301810 
160301811 
160301910 
160301911 
160310510 
160310610 
160310611 
160310710 
160310810 
160700001 
160700002 
160700510 
160700610 
160700710 
160700813 
160700814 
160700912 
160700913 
160701014 
160701015 
160701016 
160701110 
160800010 
161100810 
161910610 
161910620 
161910810 
161910910 
161919000 
162500920 
162501020 
162501120 
162501121 
162600211 
162700510 
162700610 
162700710 
162700810 
162700910 
162701010 
162701110 
162701111 
162701112 
165000000 
165000001 
165000004 
165000005 
165000990 
165100410 
165100510 
165100610 
165100620 
165300510 
165300511 
165300520 
165303010 
165303020 
165303030 
165303110 
165400000 
165400001 
165400002 
165401000 
165600810 
165600910 
165700000 
165700001 
165700002 
165900610 
165900720 
165900721 
165900730 
165900740 
165900741 
165900750 
165900751 
165900760 
165900761 
165900770 
165900771 
166100410 
166100411 
166100610 
166100710 
166100810 
166201000 
166300510 
166300610 
166500000 
166501010 
166501110 
166501210 
166501310 
166501320 
166501410 
166501510 
166602010 
166602020 
166604000 
167000010 
167000020 
167000030 
167000040 
167000110 
167000130 
167000131 
167000132 
167000133 
167000134 
167000135 
167000136 
167000137 
167000138 
167000139 
167000210 
167000400 
167000410 
167100000 
167100001 
167100002 
167100003 
167110000 
167110001 
167110002 
167110003 
167200000 
167200001 
167400010 
167400020 
167501520 
167501530 
167501540 
167501541 
167501620 
167501621 
167501630 
167701210 
167701310 
167800920 
167800930 
167801000 
167801010 
167900000 
167900610 
167900710 
167900711 
167900810 
167900811 
167900812 
167900813 
167900814 
167900815 
167901320 
167901330 
167901340 
167901350 
167901360 
167901370 
167901380 
167901390 
168000413 
168001311 
168100000 
168100001 
168100010 
168100011 
168100020 
168100310 
168100320 
168100321 
168100610 
168100620 
168100621 
168100810 
168100820 
168100821 
168100920 
168100921 
168100922 
168101110 
168101120 
168101121 
168101122 
168101210 
168101211 
168101220 
168101221 
168101230 
168101240 
168101510 
168101520 
168101521 
168101522 
168101700 
168101720 
168201010 
168201110 
168201111 
168201120 
168201121 
168201210 
168201211 
168201212 
168201213 
168201310 
168201311 
168201312 
168201313 
168201314 
168201315 
168201500 
168201600 
168201610 
168201611 
168201612 
168201710 
168201810 
168201811 
168201812 
168201820 
168201821 
168300930 
168302010 
168302020 
168803311 
168803410 
168803510 
168803530 
168803610 
168803620 
168900000 
168903010 
168903011 
168903110 
168903111 
168903120 
168903130 
168903131 
168903140 
168903141 
168903150 
168903151 
168903160 
168903161 
168903170 
168903171 
168903180 
168903181 
168903190 
168903191 
168903195 
168903210 
168903310 
168903311 
168903320 
169000000 
169001110 
169200000 
169200010 
169200011 
169200020 
169200021 
169200030 
169200031 
169200080 
169200090 
169200100 
169200101 
169200102 
169200103 
169200104 
169200105 
169200106 
169200107 
169200110 
169200120 
169200121 
169200130 
169200131 
169200140 
169200141 
169200150 
169200151 
169200160 
169200161 
169200170 
169200171 
169200180 
169200181 
169200190 
169200210 
169200220 
169200221 
169200230 
169200231 
169200240 
169200241 
169200250 
169200251 
169200260 
169200261 
169200270 
169200271 
169200280 
169200281 
169200290 
169200300 
169200301 
169200302 
169200303 
169200310 
169200311 
169200312 
169200313 
169200400 
169200410 
169200420 
169200500 
169200501 
169200510 
169200511 
169200600 
169200610 
169200620 
170450810 
172500010 
172500110 
172500210 
172500220 
174401610 
174401620 
175300410 
175300411 
175301110 
175301210 
176200310 
176800110 
176800210 
176800310 
176800311 
176800312 
176800320 
176800321 
176800322 
176800323 
176800410 
176800510 
176800610 
176800620 
176901010 
176901110 
176901210 
176901310 
176901320 
176901330 
177001010 
177001020 
177001110 
177001210 
177001220 
177001230 
177001310 
177001320 
177001330 
177001331 
177001332 
177001340 
177001350 
177001360 
177001370 
177001380 
177001410 
177001420 
177001430 
177100210 
177100310 
177100410 
177100510 
177100511 
177100512 
177100513 
177100610 
177100620 
177100630 
177100640 
177100650 
178300310 
178300410 
178300510 
178300520 
178300600 
178300610 
178501010 
178501110 
185501500 
185501600 
185501700 
185501800 
190100010 
190100020 
190100030 
190100040 
190100050 
190100060 
190100070 
190100080 
190100090 
190100100 
190100110 
190100120 
190100130 
190100140 
190100150 
190100160 
190100170 
190100180 
190100190 
190100200 
190100210 
