10 
2235 
3050 
3096 
3180 
3181 
3260 
3320 
5030 
6200 
6210 
6220 
6230 
6240 
6250 
6260 
6270 
6280 
6290 
6300 
6310 
6320 
6330 
8100 
8110 
8120 
9100 
9101 
9102 
9111 
9113 
9120 
9140 
9150 
9160 
9170 
9200 
9300 
9400 
9500 
9501 
9502 
9503 
9504 
9601 
9602 
9603 
9604 
9605 
9606 
9607 
9608 
9609 
9610 
9611 
9612 
9613 
9614 
9620 
9621 
9622 
9623 
9624 
9625 
9626 
9627 
9628 
9640 
9641 
9642 
9643 
9644 
9645 
9646 
9647 
9648 
100000 
100008 
100009 
100010 
100020 
101000 
101001 
102000 
102010 
102011 
102020 
102030 
102040 
102100 
102110 
102140 
103000 
103010 
103020 
103022 
103030 
103032 
103040 
103051 
103111 
103121 
103131 
105000 
105010 
106001 
106009 
106021 
106200 
107000 
107001 
108000 
108010 
108020 
113000 
113010 
113020 
115000 
115006 
115014 
115015 
115016 
117000 
117010 
118000 
118001 
118201 
119000 
119001 
121000 
121001 
121010 
121020 
121030 
123002 
123003 
123004 
123005 
123010 
123022 
124000 
124010 
124020 
124030 
124040 
124041 
124050 
124060 
124070 
125004 
125009 
125010 
125011 
125012 
125013 
125014 
125015 
125016 
127000 
127001 
127002 
127003 
127004 
127005 
127006 
127010 
127011 
127020 
127030 
127100 
127101 
127110 
127111 
129000 
129010 
129200 
131000 
131010 
131020 
132003 
132004 
132005 
132006 
132007 
132013 
132014 
132015 
132016 
132020 
132022 
132024 
132025 
132026 
132030 
132033 
132090 
133001 
133002 
133010 
133020 
134000 
135000 
135001 
135010 
135020 
135030 
135040 
135050 
137010 
137021 
137022 
138000 
138001 
138002 
138010 
138011 
139000 
139001 
139002 
139008 
139009 
139010 
141000 
141002 
146000 
146010 
147001 
147004 
147005 
148000 
148010 
148020 
148030 
148040 
148041 
149010 
149011 
150000 
151000 
151001 
151200 
151202 
151208 
151209 
151210 
152000 
152001 
152002 
152010 
152011 
153000 
153002 
153003 
153004 
153005 
153010 
153012 
153013 
153014 
153015 
153016 
154000 
154001 
154010 
154011 
154020 
154021 
155000 
155001 
156011 
157000 
157001 
157002 
157003 
157004 
157005 
157006 
157007 
157008 
157010 
157011 
157012 
157013 
157014 
157015 
157016 
157020 
157021 
157022 
157023 
157024 
157025 
157030 
157031 
157032 
157033 
201100 
201101 
202100 
202101 
202102 
203000 
203001 
203002 
203009 
204000 
204002 
205000 
205001 
205100 
205102 
206000 
206001 
209000 
209002 
210000 
210001 
210002 
210003 
210004 
210005 
210010 
212000 
212001 
212002 
212003 
212004 
213000 
213002 
213003 
213004 
213005 
213006 
213007 
213008 
213009 
213010 
213011 
213012 
213013 
213014 
213100 
213101 
214001 
214002 
214003 
216000 
216005 
217000 
217001 
220000 
220001 
220002 
222000 
222001 
222002 
223000 
224000 
226000 
226001 
226100 
226200 
226201 
226202 
227000 
227001 
227002 
227009 
227100 
227101 
300000 
300001 
300002 
301001 
301003 
301005 
301010 
301011 
301013 
301014 
301020 
301030 
301031 
302000 
302009 
303300 
303301 
303302 
303303 
304010 
305000 
305200 
306000 
306006 
306007 
306008 
306009 
306010 
306011 
306019 
307000 
307001 
307101 
307107 
307108 
307109 
307110 
308000 
308100 
309000 
309001 
309600 
309700 
311000 
312000 
312001 
312010 
312011 
312021 
312031 
312032 
312040 
312050 
313000 
313002 
313003 
313010 
313012 
313013 
313021 
313031 
313032 
313033 
314000 
314002 
314003 
315000 
316000 
316001 
317000 
318000 
318010 
318011 
318020 
318030 
318040 
319000 
319008 
319009 
319010 
319011 
321000 
321001 
321002 
321003 
321004 
321005 
321010 
321011 
321012 
321014 
321015 
321016 
321017 
324000 
324010 
324011 
325000 
325010 
326000 
327000 
330000 
330001 
330010 
330012 
330019 
330040 
330043 
330044 
330049 
331002 
331011 
331021 
331031 
331041 
332000 
333000 
334000 
337000 
337002 
337003 
337010 
337011 
337020 
337022 
337023 
500000 
500100 
501000 
502000 
502001 
502009 
503000 
504000 
506100 
506101 
506200 
506500 
506501 
506509 
509000 
509009 
511000 
512000 
514600 
600000 
601000 
601001 
602000 
603000 
603100 
607000 
608000 
611010 
611500 
611510 
611520 
611530 
619110 
619111 
625000 
626000 
627000 
628000 
650000 
650001 
650002 
650003 
650004 
650010 
650011 
650012 
650013 
651000 
651001 
651002 
651003 
653000 
653001 
653002 
653003 
653004 
653005 
653006 
653010 
653011 
653012 
653020 
653021 
653022 
653029 
653030 
653031 
653032 
654000 
654001 
656000 
656001 
656002 
656003 
656004 
656005 
656006 
657000 
657001 
658000 
659000 
659001 
659002 
659003 
659004 
659005 
660000 
660001 
660002 
660003 
661000 
661001 
662000 
662001 
663000 
663001 
663002 
663003 
663004 
663005 
663010 
663011 
663012 
663013 
665000 
665001 
665010 
665011 
666000 
666001 
666002 
666010 
666011 
666012 
666020 
666021 
666022 
666030 
666040 
666041 
666050 
666051 
666060 
666061 
666070 
666080 
670000 
671000 
671001 
671100 
672000 
672001 
672002 
674000 
675000 
675001 
675010 
675011 
677000 
677001 
677010 
677011 
678000 
678001 
678010 
678011 
678099 
679000 
679001 
679002 
679100 
679101 
680000 
681000 
682000 
683000 
684000 
685000 
686000 
687000 
688000 
688010 
688020 
688030 
689000 
689010 
689020 
689030 
690000 
690001 
692000 
693000 
694000 
694001 
694002 
694003 
694004 
694005 
694006 
694007 
694008 
694009 
695000 
695001 
695002 
695003 
695004 
695005 
695006 
695007 
695008 
696000 
700500 
700501 
700502 
700503 
700504 
701500 
703600 
704500 
704501 
704510 
705000 
705100 
705300 
705500 
705501 
705600 
705601 
705800 
705801 
721100 
723000 
723001 
723010 
724000 
724001 
724002 
725000 
725001 
725002 
725003 
726000 
726001 
726002 
726003 
726004 
726005 
726006 
730000 
730001 
731010 
731011 
732000 
733000 
741000 
741001 
742000 
742001 
742002 
742003 
742009 
743000 
743001 
743002 
743003 
743004 
743006 
743007 
743008 
743009 
743010 
744000 
744001 
744002 
744003 
744009 
751000 
751001 
752000 
752001 
752002 
752003 
752004 
752005 
752006 
752007 
752008 
752009 
752010 
753000 
753001 
753002 
753003 
753004 
753008 
753009 
754000 
754001 
760000 
760001 
760100 
760101 
760200 
760201 
761000 
761001 
762000 
762001 
762002 
763000 
763001 
764000 
764001 
764300 
764309 
766000 
766001 
768000 
768001 
769000 
769001 
770000 
770001 
771000 
771001 
771004 
771005 
771006 
771007 
771009 
771010 
772000 
772001 
776000 
776001 
776002 
777000 
783000 
783001 
784000 
784001 
785000 
785001 
786000 
805000 
810000 
810001 
810002 
810003 
810005 
810006 
811000 
811001 
812000 
812001 
812002 
813000 
813001 
814000 
814008 
814009 
820000 
821000 
821001 
822000 
822001 
822002 
822003 
823000 
824000 
831000 
831100 
832000 
832100 
832200 
832300 
832400 
832500 
832600 
832700 
833000 
835000 
835001 
835100 
835200 
835300 
836000 
836100 
836200 
836300 
836400 
837000 
837100 
837200 
837201 
837400 
838200 
838201 
838300 
838301 
840000 
841000 
842000 
843000 
844000 
845000 
846000 
847000 
847100 
848000 
848100 
849000 
849001 
849100 
849200 
850000 
851000 
852000 
853000 
853100 
853101 
853200 
853300 
853400 
853500 
854000 
855000 
860000 
861000 
862000 
863000 
864000 
865000 
865002 
866000 
866001 
867000 
867001 
867100 
868000 
868100 
869000 
870000 
871000 
871100 
872000 
872009 
873000 
874000 
875000 
875001 
876000 
876001 
876002 
877000 
878000 
879000 
880000 
881000 
882000 
883000 
883100 
883200 
884001 
885000 
885001 
885100 
885101 
886000 
887000 
888000 
890000 
891000 
891001 
891002 
891003 
891004 
891500 
891501 
891502 
892000 
892001 
892002 
892500 
892501 
892502 
892503 
892504 
892505 
893000 
893001 
893002 
896000 
896500 
897000 
897001 
897500 
897501 
898000 
