1000 
1001 
9111 
9113 
9150 
9170 
100000 
100001 
100010 
100020 
101000 
101001 
102000 
102010 
102020 
102030 
102040 
102050 
102100 
102110 
102140 
102150 
103000 
103010 
103020 
103030 
103040 
103050 
103100 
103110 
103120 
103130 
105000 
105010 
106000 
106010 
106020 
106030 
106200 
106210 
107000 
107001 
108000 
108010 
108020 
113000 
113010 
113020 
115000 
115010 
117000 
117010 
118000 
118100 
118200 
119000 
121000 
121010 
121020 
121030 
123000 
123010 
124000 
124010 
124020 
124030 
124100 
124110 
124120 
124130 
125000 
125001 
125002 
125003 
125004 
127000 
127010 
127020 
129000 
129010 
131000 
131010 
131020 
132000 
132010 
132020 
132030 
133000 
133010 
133020 
134000 
135000 
135010 
135020 
137000 
137010 
137020 
138000 
138010 
139000 
139010 
140000 
141000 
146000 
146010 
147000 
148000 
148020 
148040 
149000 
149020 
150000 
151000 
151110 
152000 
152010 
152020 
152030 
153000 
153010 
154000 
154010 
154020 
155000 
201100 
202000 
203000 
203001 
204000 
205000 
205100 
206000 
209000 
210000 
212000 
212010 
213000 
213100 
214000 
216000 
217000 
220000 
222000 
223000 
223500 
223510 
224000 
226000 
226100 
226200 
227000 
300000 
301000 
301010 
301020 
301030 
302000 
302100 
303300 
304000 
305000 
305001 
305010 
305011 
306000 
306010 
307000 
307010 
307100 
308000 
309000 
309600 
309610 
309700 
311000 
312000 
312010 
312011 
313000 
313010 
313020 
313030 
314000 
315000 
316000 
317000 
318000 
319000 
319010 
321000 
324000 
325000 
326000 
327000 
330000 
330010 
330020 
330030 
330040 
331000 
331010 
331020 
331030 
331040 
332000 
332010 
333000 
334000 
337000 
337010 
337020 
337021 
500000 
501000 
502000 
503000 
504000 
506100 
506200 
506500 
509000 
509100 
511000 
512000 
514500 
514600 
600000 
601000 
601001 
602000 
602010 
602020 
603000 
603100 
607000 
608000 
611000 
611010 
619100 
619110 
625000 
626000 
627000 
650000 
650010 
651000 
653000 
653010 
653020 
653030 
654000 
656000 
657000 
658000 
659000 
660000 
661000 
662000 
663000 
663010 
665000 
665010 
666000 
666010 
666020 
666030 
670000 
671000 
671100 
672000 
674000 
675000 
675010 
677000 
677010 
678000 
679000 
680000 
681000 
682000 
683000 
688000 
688010 
688020 
688030 
689000 
689010 
689020 
689030 
690000 
690010 
692000 
692010 
700000 
700500 
700510 
701000 
701500 
704500 
705100 
705300 
705500 
721000 
723000 
724000 
725000 
730000 
730010 
730020 
731000 
731010 
731020 
741000 
742000 
742010 
743000 
743001 
743010 
744000 
751000 
752000 
753000 
753001 
753010 
754000 
760000 
760100 
760200 
761000 
762000 
763000 
764000 
764300 
765000 
766000 
767000 
768000 
769000 
770000 
770010 
771000 
772000 
777000 
783000 
784000 
785000 
785010 
786000 
800000 
800100 
800300 
810000 
890000 
