1 
10 
100000 
100010 
100020 
100101 
100200 
100201 
101000 
291000 
300000 
306000 
306001 
306100 
306101 
601000 
606000 
900000 
901000 
902000 
903000 
906100 
906200 
910000 
910100 
911100 
911101 
911200 
911201 
911300 
912000 
912001 
914000 
914001 
915000 
916000 
917000 
920000 
933300 
933400 
990000 
10000000 
10000001 
10001000 
10002000 
10100000 
10100001 
10200000 
10201000 
10202000 
10203000 
10204000 
10205000 
10210000 
10211001 
10211002 
10212002 
10213000 
10214000 
10215000 
10300000 
10300100 
10301000 
10301100 
10302000 
10302100 
10303000 
10303100 
10304000 
10304100 
10305000 
10310000 
10311000 
10312000 
10313000 
10500000 
10501000 
10600000 
10601000 
10602000 
10603000 
10620000 
10621000 
10700000 
10700100 
10800000 
10801000 
10802000 
11300000 
11301000 
11302000 
11500000 
11500100 
11500200 
11500300 
11500400 
11501000 
11501100 
11501200 
11501300 
11700000 
11701000 
11800000 
11810000 
11811000 
11820000 
11900000 
12100000 
12100100 
12101001 
12102002 
12103003 
12200000 
12201000 
12202000 
12203000 
12300000 
12301000 
12400000 
12401000 
12402000 
12403000 
12410000 
12411000 
12412000 
12413000 
12500000 
12500100 
12500200 
12500300 
12500400 
12700000 
12701000 
12701100 
12702000 
12900000 
12901000 
13100000 
13101000 
13102000 
13200000 
13201000 
13202000 
13203000 
13209000 
13300000 
13301000 
13302000 
13400000 
13500000 
13501000 
13502000 
13600000 
13601000 
13602000 
13701000 
13701001 
13800000 
13801000 
13900000 
13901000 
14000000 
14100000 
14600000 
14601000 
14602000 
14700000 
14800000 
14801000 
14802000 
14803000 
14804000 
14900000 
15000000 
15100000 
15110000 
15111000 
15120000 
15121000 
15200000 
15201000 
15202000 
15203000 
15300000 
15301000 
15400000 
15401000 
15402000 
15500000 
15600000 
15601000 
15602000 
15603000 
15700000 
15701000 
15702000 
15703000 
20100000 
20110000 
20200000 
20300000 
20300001 
20400000 
20500000 
20510000 
20600000 
20900000 
21000000 
21200000 
21200010 
21300000 
21310000 
21400000 
21600000 
21700000 
21800000 
21900000 
22000000 
22200000 
22300000 
22350000 
22351000 
22400000 
22500000 
22600000 
22610000 
22620000 
22700000 
30000000 
30100000 
30101000 
30102000 
30103000 
30200000 
30201000 
30202000 
30210000 
30211000 
30212000 
30330000 
30400000 
30500000 
30501000 
30502000 
30520000 
30521000 
30522000 
30600000 
30600100 
30601000 
30700000 
30701000 
30710000 
30711000 
30800000 
30810000 
30900000 
30960000 
30961000 
30970000 
31100000 
31200000 
31201000 
31201001 
31300000 
31301000 
31302000 
31303000 
31400000 
31500000 
31600000 
31700000 
31800000 
31801000 
31802000 
31900000 
31901000 
32100000 
32400000 
32500000 
32600000 
32700000 
33000000 
33001000 
33002000 
33003000 
33004000 
33100000 
33101000 
33102000 
33103000 
33104000 
33200000 
33201000 
33300000 
33400000 
33700000 
33701000 
33702000 
33702001 
50000000 
50100000 
50200000 
50300000 
50400000 
50500000 
50610000 
50620000 
50650000 
50700000 
50800000 
50900000 
50910000 
51000000 
51100000 
51200000 
51300000 
51400000 
51450000 
51460000 
51500000 
60000000 
60001000 
60002000 
60003000 
60100000 
60100001 
60101000 
60102000 
60200000 
60202000 
60300000 
60310000 
60600000 
60601000 
60700000 
60800000 
60900000 
60901000 
60910000 
61100000 
61101000 
61300000 
61400000 
61500000 
61600000 
61700000 
61800000 
61900000 
61910000 
61911000 
61912000 
62000000 
62100000 
62200000 
62400000 
62450000 
62500000 
62600000 
62700000 
65000000 
65001000 
65100000 
65300000 
65300010 
65301000 
65301010 
65302000 
65302010 
65303000 
65303010 
65400000 
65400001 
65600000 
65600001 
65700000 
65800000 
65900000 
66000000 
66100000 
66200000 
66300000 
66301000 
66500000 
66501000 
66600000 
66601000 
66602000 
66603000 
66604000 
66605000 
66606000 
66607000 
66608000 
66609000 
67000000 
67100000 
67110000 
67200000 
67400000 
67500000 
67500001 
67501000 
67501001 
67700000 
67700010 
67800000 
67800001 
67900000 
67900100 
67900101 
68000000 
68100000 
68200000 
68300000 
68800000 
68801000 
68802000 
68803000 
68804000 
68900000 
68901000 
68902000 
68903000 
69000000 
69001000 
69200000 
69201000 
69202000 
69203000 
70000000 
70050000 
70051000 
70100000 
70150000 
70200000 
70300000 
70360000 
70450000 
70451000 
70500000 
70510000 
70530000 
70550000 
72100000 
72110000 
72200000 
72300000 
72301000 
72400000 
72500000 
72900000 
73000000 
73001000 
73002000 
73100000 
73101000 
73102000 
74000000 
74100000 
74200000 
74201000 
74300000 
74300100 
74301000 
74400000 
74600000 
75100000 
75200000 
75300000 
75300001 
75301000 
75400000 
75400001 
75500000 
75501000 
75502000 
76000000 
76010000 
76020000 
76030000 
76040000 
76100000 
76101000 
76200000 
76300000 
76301000 
76400000 
76401000 
76430000 
76431000 
76500000 
76600000 
76601000 
76700000 
76800000 
76900000 
77000000 
77001000 
77100000 
77200000 
77400000 
77700000 
77701000 
77800000 
78000000 
78300000 
78310000 
78400000 
78500000 
78501000 
78600000 
78700000 
80000000 
80010000 
80030000 
81000000 
90009400 
