0 
11 
100010000 
100010010 
100010020 
100010021 
100010030 
110000010 
110000110 
110000120 
110000210 
110000310 
110000410 
110001010 
110001110 
110002010 
110100010 
110100110 
110100210 
110100310 
110200010 
110200110 
110200120 
110200130 
110200210 
110200220 
110200230 
110200310 
110200410 
110200510 
110200610 
110200620 
110200710 
110201010 
110201110 
110201120 
110201130 
110201210 
110201220 
110201230 
110201310 
110201410 
110201510 
110201520 
110201610 
110201710 
110201711 
110202010 
110202110 
110202120 
110202130 
110202210 
110202220 
110202230 
110202310 
110203010 
110203110 
110203120 
110203130 
110203210 
110203220 
110203230 
110203310 
110203410 
110203420 
110204010 
110204110 
110210110 
110210210 
110210220 
110210230 
110210310 
110210320 
110210330 
110210410 
110210510 
110211110 
110211120 
110211130 
110211210 
110211220 
110211230 
110211310 
110211610 
110211611 
110211710 
110211711 
110211810 
110211811 
110300010 
110300110 
110300111 
110300112 
110300120 
110301010 
110301110 
110301210 
110302010 
110302020 
110302030 
110302110 
110302120 
110302130 
110302210 
110303010 
110303020 
110303110 
110303210 
110304010 
110305010 
110310010 
110310110 
110310120 
110310210 
110310310 
110311010 
110311020 
110311110 
110311120 
110311130 
110311210 
110311220 
110311230 
110311310 
110312010 
110312020 
110312110 
110312120 
110312210 
110312310 
110313010 
110500010 
110500020 
110500110 
110501010 
110501110 
110501210 
110501310 
110501320 
110501330 
110600010 
110600210 
110600310 
110600410 
110600510 
110600520 
110600610 
110700010 
110700011 
110700020 
110700021 
110700030 
110700031 
110700032 
110700110 
110700111 
110700210 
110700211 
110700310 
110700320 
110700330 
110700340 
110700350 
110700410 
110700411 
110700412 
110700420 
110700510 
110700520 
110700521 
110700610 
110700611 
110700620 
110700621 
110700630 
110700631 
110700632 
110700710 
110700711 
110700810 
110700811 
110700940 
110700950 
110800010 
110800011 
110800110 
110800120 
110800130 
110800131 
110800210 
110800220 
110800230 
110800231 
110800240 
110800310 
110800320 
110800410 
110800411 
110800510 
110800520 
110801110 
110801120 
110801130 
110801210 
110801220 
110801310 
110801410 
110801510 
110802010 
111300010 
111300110 
111300120 
111300121 
111300130 
111300140 
111300210 
111300310 
111300410 
111300710 
111300711 
111301010 
111301110 
111301120 
111301130 
111301140 
111301150 
111301151 
111301160 
111301161 
111301210 
111301211 
111301220 
111301221 
111301310 
111301311 
111301410 
111301411 
111301510 
111301520 
111301610 
111301611 
111302010 
111302110 
111500010 
111500110 
111500111 
111500120 
111500210 
111501010 
111501020 
111501110 
111700010 
111700110 
111700120 
111700130 
111700210 
111700310 
111700410 
111700420 
111700430 
111701010 
111701110 
111701120 
111701130 
111701140 
111701210 
111701220 
111701230 
111701310 
111701410 
111701510 
111701511 
111800010 
111800110 
111800210 
111800211 
111800310 
111800410 
111800510 
111800610 
111800710 
111800810 
111800910 
111801010 
111801020 
111801030 
111801110 
111900010 
111900020 
111900110 
111900210 
111900220 
111900310 
111900410 
111900510 
112100010 
112100020 
112100030 
112100110 
112100210 
112100220 
112100310 
112100410 
112100411 
112100420 
112100421 
112100510 
112100511 
112100610 
112100611 
112100612 
112100613 
112100614 
112100620 
112100621 
112100622 
112100710 
112100711 
112100712 
112100713 
112100720 
112100721 
112100722 
112100723 
112100730 
112100731 
112100732 
112100733 
112100734 
112100735 
112100736 
112100737 
112100738 
112100739 
112100800 
112101100 
112101101 
112101110 
112101111 
112101112 
112101113 
112101114 
112101120 
112101121 
112101122 
112101123 
112101130 
112101131 
112101132 
112101133 
112101134 
112101140 
112101210 
112101211 
112101212 
112101213 
112101214 
112101220 
112101221 
112101310 
112101311 
112101312 
112101313 
112101314 
112101320 
112101321 
112101410 
112101411 
112101412 
112101413 
112101414 
112101415 
112101420 
112101430 
112101500 
112102100 
112102101 
112102110 
112102111 
112102112 
112102120 
112102121 
112102122 
112102123 
112102124 
112102130 
112102131 
112102132 
112102133 
112102134 
112102140 
112102210 
112102211 
112102220 
112102221 
112103100 
112103101 
112103210 
112103211 
112103220 
112103221 
112103222 
112103310 
112103311 
112103320 
112103321 
112103322 
112300010 
112300020 
112300030 
112300040 
112300110 
112300120 
112300130 
112300140 
112300210 
112300220 
112300310 
112300320 
112300410 
112300510 
112300511 
112300610 
112300620 
112300710 
112300720 
112300810 
112300811 
112300950 
112300960 
112301010 
112301020 
112301030 
112301040 
112301050 
112301060 
112301110 
112301120 
112301130 
112301140 
112301141 
112301210 
112301211 
112301310 
112301311 
112301320 
112400010 
112400110 
112400120 
112400130 
112400140 
112400210 
112400211 
112400310 
112400320 
112400410 
112400510 
112400610 
112400620 
112400710 
112400711 
112400720 
112400721 
112400810 
112400820 
112401010 
112401110 
112401120 
112401210 
112401310 
112401410 
112401510 
112401520 
112401610 
112401620 
112401710 
112401810 
112402010 
112402110 
112402120 
112402130 
112402140 
112402210 
112402220 
112402230 
112402310 
112402410 
112402510 
112402610 
112402620 
112402710 
112402720 
112402810 
112402910 
112403010 
112500010 
112500110 
112500111 
112500210 
112500211 
112500310 
112500320 
112501110 
112501310 
112501320 
112502110 
112502310 
112502320 
112503110 
112503310 
112503320 
112504110 
112504310 
112504320 
112700010 
112700020 
112700110 
112700210 
112700211 
112700310 
112701010 
112701020 
112701110 
112701210 
112701300 
112702010 
112702020 
112702110 
112702210 
112702310 
112702320 
112702410 
112702510 
112900010 
112900110 
112900210 
112900310 
112901010 
112901110 
112901210 
112901220 
112901310 
112901410 
113100010 
113100020 
113100030 
113100040 
113100110 
113100210 
113100220 
113100310 
113100410 
113100510 
113101010 
113101110 
113101210 
113101310 
113101320 
113102010 
113102110 
113102210 
113200000 
113200010 
113200110 
113200120 
113200130 
113200140 
113200210 
113200220 
113200230 
113200240 
113200310 
113200311 
113200410 
113200411 
113200610 
113200620 
113201010 
113201110 
113201120 
113201130 
113201210 
113201310 
113201510 
113201520 
113201610 
113201620 
113202010 
113202110 
113202120 
113202130 
113202210 
113202220 
113202230 
113202310 
113202410 
113202420 
113203010 
113203110 
113300010 
113300110 
113300210 
113300220 
113301010 
113301020 
113301030 
113301110 
113302010 
113302020 
113302030 
113302110 
113302210 
113400010 
113400020 
113400110 
113400210 
113400220 
113400310 
113400410 
113400510 
113400511 
113400520 
113400521 
113400610 
113400611 
113500010 
113500110 
113500120 
113500130 
113500210 
113500220 
113500221 
113500310 
113500311 
113500410 
113500411 
113500510 
113500511 
113500610 
113500710 
113500810 
113501110 
113501120 
113501130 
113501210 
113501310 
113501410 
113502010 
113700010 
113700020 
113700210 
113700211 
113700220 
113700310 
113700311 
113700320 
113701110 
113701120 
113701210 
113701310 
113701320 
113701410 
113701510 
113701610 
113800010 
113800020 
113800030 
113800110 
113800120 
113800210 
113800310 
113800410 
113800510 
113800520 
113800610 
113801010 
113801011 
113801012 
113801013 
113801020 
113801021 
113801022 
113801023 
113801030 
113801031 
113801032 
113801033 
113801110 
113801111 
113801112 
113801113 
113801210 
113801211 
113801212 
113801213 
113801310 
113900010 
113900011 
113900020 
113900021 
113900110 
113900120 
113900210 
113900310 
113900410 
113900420 
113900430 
113901010 
113901110 
114000110 
114000120 
114000210 
114000310 
114100010 
114100011 
114100020 
114100021 
114100110 
114100111 
114100112 
114100113 
114100120 
114100121 
114100130 
114100131 
114100132 
114100133 
114100210 
114100211 
114100310 
114100311 
114100320 
114100321 
114100410 
114100411 
114100420 
114100421 
114100510 
114100520 
114100610 
114100611 
114100620 
114100710 
114600010 
114600110 
114600120 
114600210 
114600310 
114601010 
114601110 
114601120 
114601130 
114601210 
114700010 
114700020 
114700110 
114700111 
114700210 
114700211 
114700220 
114800010 
114800110 
114800210 
114801110 
114801111 
114801210 
114801211 
114804010 
114804110 
114804210 
114900010 
114900110 
114900111 
114900120 
114900121 
114900210 
114900211 
114900310 
114900311 
114900320 
114900321 
114900330 
114900331 
114900340 
114900341 
115000010 
115000110 
115000111 
115000120 
115000121 
115000130 
115000131 
115000140 
115000141 
115000210 
115000220 
115000221 
115000230 
115000231 
115000310 
115000311 
115000410 
115000510 
115000610 
115000620 
115000710 
115000720 
115100110 
115100111 
115100112 
115100113 
115100210 
115100220 
115100230 
115100310 
115100410 
115100411 
115100510 
115100511 
115100610 
115100611 
115100612 
115100710 
115100711 
115100712 
115110010 
115110110 
115110120 
115110130 
115110210 
115110310 
115110410 
115110510 
115110520 
115110610 
115110611 
115110612 
115200010 
115200110 
115200120 
115200130 
115200210 
115200310 
115200410 
115200510 
115201010 
115201110 
115201210 
115202010 
115202110 
115202210 
115203010 
115203110 
115203210 
115300010 
115300110 
115300111 
115300120 
115300121 
115300130 
115300131 
115300210 
115300211 
115300220 
115300221 
115300310 
115300311 
115300410 
115300411 
115300510 
115300511 
115300610 
115300710 
115310010 
115310110 
115310120 
115310130 
115310140 
115310210 
115310310 
115310410 
115310510 
115310610 
115310710 
115400010 
115400011 
115400020 
115400021 
115400110 
115400111 
115400120 
115400121 
115400210 
115400211 
115400510 
115400511 
115400610 
115400710 
115400810 
115400910 
115400920 
115401010 
115401011 
115401012 
115401020 
115401021 
115401022 
115401110 
115401111 
115401112 
115401120 
115401121 
115401122 
115401510 
115401511 
115401512 
115402010 
115402011 
115402020 
115402021 
115500010 
115500020 
115500030 
115500110 
115500111 
115500210 
115500310 
115500410 
115500411 
120110110 
120110210 
120110211 
120110310 
120200010 
120200110 
120200111 
120200210 
120300110 
120300210 
120300310 
120300311 
120300312 
120300313 
120300410 
120300420 
120300510 
120300520 
120300610 
120301110 
120301210 
120301310 
120301311 
120301312 
120301313 
120301420 
120301520 
120400010 
120400011 
120400110 
120400111 
120400210 
120400211 
120500010 
120500110 
120500210 
120500211 
120500220 
120500221 
120500222 
120500310 
120500320 
120500321 
120510010 
120510110 
120510210 
120510211 
120510220 
120510221 
120510222 
120510310 
120510320 
120510321 
120600010 
120600110 
120600210 
120600310 
120600410 
120600510 
120900010 
120900011 
120900110 
120900111 
120900210 
120900220 
120900310 
120900320 
120900410 
120900420 
120900510 
120900520 
120900610 
120900620 
120900710 
120900810 
121000010 
121000110 
121000111 
121000210 
121000310 
121000320 
121000410 
121000420 
121000430 
121000510 
121000520 
121000530 
121000540 
121000610 
121000620 
121000630 
121000640 
121200000 
121200001 
121200002 
121200003 
121200004 
121200005 
121200006 
121200007 
121200008 
121200010 
121200011 
121200020 
121200021 
121200100 
121200101 
121200102 
121200110 
121200111 
121200200 
121200205 
121200206 
121200210 
121200220 
121200310 
121200311 
121200410 
121200411 
121200510 
121200511 
121200610 
121200611 
121200710 
121200711 
121200712 
121200713 
121200720 
121200721 
121200722 
121200723 
121200730 
121200731 
121200732 
121200810 
121200811 
121200812 
121200813 
121200820 
121200821 
121200822 
121200823 
121200830 
121200831 
121200832 
121200910 
121200911 
121200912 
121200913 
121200914 
121200915 
121200916 
121200917 
121201000 
121201010 
121201011 
121201012 
121201013 
121201014 
121201015 
121201016 
121201017 
121201018 
121201110 
121201120 
121201130 
121201210 
121201211 
121201212 
121201310 
121201311 
121201312 
121201410 
121201411 
121201412 
121201510 
121201520 
121201530 
121201610 
121201611 
121400000 
121400010 
121400011 
121400012 
121400020 
121400110 
121400210 
121400220 
121400310 
121400311 
121400312 
121400410 
121400411 
121400412 
121600010 
121600110 
121600210 
121700010 
121700011 
121700020 
121700021 
121700110 
121700111 
121700210 
121700211 
121700220 
121700221 
121700410 
121700411 
121700420 
121700421 
121700510 
121700511 
121700520 
121700521 
121700530 
122000010 
122000020 
122000030 
122000110 
122000120 
122000210 
122000310 
122000410 
122000411 
122000412 
122000413 
122000414 
122000510 
122000520 
122200010 
122200011 
122200020 
122200021 
122200110 
122200111 
122200112 
122200113 
122200120 
122200121 
122200122 
122200123 
122200130 
122200131 
122200132 
122200133 
122200210 
122200211 
122200220 
122200221 
122200222 
122200223 
122200310 
122200311 
122200320 
122200321 
122200410 
122200420 
122200430 
122200510 
122200520 
122200530 
122200610 
122200620 
122200630 
122300010 
122300110 
122300210 
122300310 
122350000 
122350001 
122350002 
122350003 
122350004 
122350005 
122350006 
122350007 
122350008 
122350009 
122350010 
122350011 
122350012 
122350020 
122350021 
122350022 
122350100 
122350108 
122350109 
122350110 
122350111 
122350200 
122350210 
122350211 
122350212 
122350213 
122350214 
122350215 
122350216 
122350217 
122350310 
122350311 
122350320 
122350321 
122350322 
122350330 
122350331 
122350332 
122350410 
122350411 
122350420 
122350421 
122350422 
122350430 
122350431 
122350432 
122350510 
122350511 
122350512 
122350610 
122350611 
122350612 
122351010 
122351011 
122351012 
122351110 
122351111 
122351510 
122351511 
122351512 
122351610 
122351611 
122351612 
122351710 
122351711 
122351712 
122400010 
122400020 
122400110 
122400120 
122400210 
122400310 
122600010 
122600110 
122600210 
122600310 
122610010 
122610110 
122610210 
122610310 
122620010 
122620110 
122620210 
122620310 
122700010 
122700110 
122700210 
130000000 
130000001 
130000002 
130000010 
130000011 
130000020 
130000021 
130000030 
130000031 
130000040 
130000050 
130000110 
130000120 
130000210 
130000211 
130000220 
130000310 
130000311 
130000320 
130000410 
130000411 
130000510 
130000610 
130000611 
130000710 
130000711 
130000810 
130000811 
130000820 
130000821 
130000910 
130000911 
130100010 
130100110 
130100120 
130100130 
130100210 
130100310 
130100320 
130101110 
130101120 
130101130 
130101210 
130101220 
130101310 
130101320 
130101330 
130200010 
130200020 
130200021 
130200110 
130200111 
130200120 
130200121 
130200122 
130200210 
130200220 
130200310 
130200320 
130330010 
130330011 
130330012 
130330013 
130330020 
130330021 
130330022 
130330023 
130330030 
130330031 
130330040 
130330041 
130330042 
130330043 
130330110 
130330111 
130330112 
130330113 
130330210 
130330211 
130330212 
130330213 
130330220 
130330221 
130330222 
130330223 
130330224 
130330225 
130330226 
130330227 
130330230 
130330231 
130330310 
130330311 
130330320 
130330410 
130330411 
130330420 
130330421 
130330430 
130330431 
130330510 
130330511 
130330512 
130330513 
130330520 
130330521 
130330530 
130330531 
130330610 
130330611 
130330620 
130330621 
130330630 
130330631 
130330632 
130330633 
130330710 
130330711 
130330712 
130330713 
130330810 
130330811 
130330820 
130330910 
130330911 
130330912 
130330913 
130330920 
130330921 
130330930 
130330931 
130400010 
130400011 
130400020 
130400110 
130400111 
130400120 
130400210 
130400220 
130500000 
130500010 
130500011 
130500020 
130500021 
130500030 
130500031 
130500032 
130500033 
130500034 
130500040 
130500050 
130500051 
130500110 
130500111 
130500210 
130500211 
130500220 
130500221 
130500310 
130500311 
130500312 
130500313 
130500314 
130500320 
130500410 
130500411 
130500510 
130500511 
130501010 
130501011 
130501012 
130501020 
130501021 
130501022 
130501030 
130501031 
130501032 
130501033 
130501034 
130501035 
130501040 
130501050 
130501051 
130501052 
130501053 
130501054 
130501055 
130501110 
130501111 
130501112 
130501113 
130501114 
130501115 
130501210 
130501211 
130501212 
130501220 
130501221 
130501222 
130501310 
130501311 
130501312 
130501313 
130501314 
130501315 
130501320 
130501410 
130501411 
130501412 
130501510 
130501511 
130501512 
130510000 
130510010 
130510011 
130510020 
130510021 
130510030 
130510031 
130510032 
130510033 
130510034 
130510040 
130510050 
130510051 
130510110 
130510111 
130510210 
130510211 
130510220 
130510221 
130510310 
130510311 
130510312 
130510313 
130510314 
130510320 
130510410 
130510411 
130510510 
130510511 
130510600 
130511010 
130511011 
130511012 
130511020 
130511021 
130511022 
130511030 
130511031 
130511032 
130511033 
130511034 
130511035 
130511040 
130511050 
130511051 
130511052 
130511053 
130511054 
130511055 
130511110 
130511111 
130511112 
130511113 
130511114 
130511115 
130511210 
130511211 
130511212 
130511220 
130511221 
130511222 
130511223 
130511310 
130511311 
130511312 
130511313 
130511314 
130511315 
130511320 
130511410 
130511411 
130511412 
130511510 
130511511 
130511512 
130600010 
130600110 
130600120 
130600130 
130600210 
130600310 
130600410 
130600510 
130600511 
130600610 
130600611 
130600710 
130700010 
130700020 
130700110 
130700120 
130700130 
130700140 
130700150 
130700310 
130700410 
130700510 
130700520 
130700610 
130701110 
130701120 
130701130 
130701131 
130701140 
130701141 
130701210 
130701220 
130701230 
130701240 
130701250 
130701260 
130701261 
130701310 
130701311 
130701410 
130701411 
130701510 
130701511 
130710010 
130710020 
130710110 
130710120 
130710130 
130710140 
130710150 
130710310 
130710410 
130710510 
130710520 
130710610 
130800010 
130800110 
130800120 
130800130 
130800210 
130800220 
130800230 
130800310 
130800410 
130800510 
130900010 
130900020 
130900030 
130900110 
130900111 
130900112 
130900120 
130900121 
130900130 
130900131 
130900140 
130900210 
130900211 
130900220 
130900221 
130900230 
130900231 
130900240 
130900310 
130900320 
130900410 
130900411 
130900510 
130900511 
130900610 
130900611 
130900620 
130900710 
130900720 
130900721 
130900810 
130900910 
130900920 
130960000 
130960001 
130960002 
130960003 
130960004 
130960005 
130960006 
130960010 
130960011 
130960020 
130960021 
130960030 
130960031 
130960040 
130960100 
130960110 
130960111 
130960120 
130960121 
130960210 
130960211 
130960310 
130960311 
130960410 
130960411 
130960420 
130960421 
130960510 
130960511 
130960520 
130960521 
130960530 
130960531 
130960610 
130960611 
130960710 
130960711 
130960720 
130960810 
130960811 
130960812 
130960813 
130960814 
130960815 
130960816 
130960817 
130960818 
130960819 
130960820 
130960821 
130960822 
130960823 
130960824 
130960825 
130960910 
130960911 
130961000 
130961008 
130961009 
130961010 
130961011 
130961012 
130961020 
130961110 
130961120 
130961121 
130961122 
130961210 
130961211 
130961310 
130961311 
130961410 
130961411 
130961420 
130961421 
130961510 
130961511 
130961512 
130961520 
130961521 
130961522 
130961530 
130961531 
130961532 
130961610 
130961611 
130961710 
130961711 
130961712 
130961713 
130961714 
130961715 
130961716 
130961717 
130961718 
130961719 
130961720 
130961721 
130961722 
130961723 
130961724 
130961810 
130961811 
130961812 
130961813 
130970000 
130970001 
130970002 
130970003 
130970010 
130970020 
130970120 
130970121 
130970122 
130970210 
130970220 
130970230 
130970231 
130970232 
130970310 
130970320 
130970321 
130970322 
130970323 
130970324 
130970325 
130970410 
130970411 
130970510 
130970511 
130970610 
130970611 
130970612 
130970613 
130970614 
130970615 
130970616 
130970620 
130970621 
130970710 
130970810 
130970811 
130970812 
131100010 
131100020 
131100110 
131100120 
131100210 
131100211 
131100212 
131100310 
131100410 
131100510 
131100511 
131100520 
131100521 
131100610 
131101010 
131101100 
131200010 
131200020 
131200030 
131200110 
131200120 
131200130 
131200210 
131200310 
131200410 
131200510 
131200610 
131200710 
131200720 
131200810 
131201010 
131201020 
131201030 
131201110 
131201120 
131201130 
131201140 
131201210 
131201310 
131201410 
131201510 
131201610 
131202010 
131202020 
131202030 
131202110 
131202120 
131202130 
131202140 
131202210 
131202310 
131202410 
131202510 
131202610 
131300010 
131300110 
131300120 
131300130 
131300210 
131300310 
131300510 
131300610 
131300620 
131300710 
131300720 
131301110 
131301120 
131301130 
131301210 
131301310 
131301410 
131301510 
131301610 
131301620 
131301710 
131301720 
131301810 
131302010 
131302110 
131302510 
131400010 
131400020 
131400110 
131400210 
131400211 
131400220 
131400221 
131400310 
131400311 
131400320 
131400321 
131400330 
131400331 
131400410 
131400411 
131400420 
131400421 
131400510 
131400610 
131500010 
131500011 
131500020 
131500021 
131500030 
131500031 
131500110 
131500111 
131500120 
131500121 
131500210 
131500211 
131500310 
131500320 
131500410 
131500510 
131500610 
131600010 
131600110 
131600310 
131600320 
131600321 
131600410 
131600420 
131600510 
131600520 
131600610 
131601010 
131601020 
131601030 
131601110 
131601120 
131601210 
131601220 
131700010 
131700110 
131700210 
131700310 
131700320 
131800010 
131800011 
131800020 
131800030 
131800031 
131800040 
131800041 
131800042 
131800110 
131800111 
131800120 
131800130 
131800131 
131800140 
131800141 
131800210 
131800211 
131800310 
131800320 
131800410 
131800710 
131800720 
131801100 
131900010 
131900110 
131900210 
131900310 
131900311 
131900710 
131900810 
132100010 
132100011 
132100012 
132100020 
132100110 
132100111 
132100112 
132100120 
132100210 
132100211 
132100212 
132100310 
132100311 
132100312 
132100410 
132100420 
132100510 
132100511 
132100512 
132100520 
132100530 
132400010 
132400020 
132400110 
132400120 
132400210 
132400211 
132400212 
132400213 
132400214 
132400215 
132400220 
132400221 
132400222 
132400223 
132400224 
132400225 
132400230 
132400231 
132400232 
132400233 
132400234 
132400235 
132400310 
132400320 
132400410 
132400510 
132400511 
132400512 
132400610 
132400710 
132400810 
132400910 
132400920 
132401010 
132401110 
132401120 
132401130 
132401131 
132401132 
132401133 
132401134 
132401135 
132401136 
132500000 
132500001 
132500002 
132500003 
132500005 
132500006 
132500007 
132500110 
132500111 
132500120 
132500121 
132500310 
132500311 
132500410 
132500411 
132500510 
132500511 
132500710 
132500711 
132500720 
132500721 
132500810 
132500811 
132500910 
132500911 
132600000 
132600010 
132600011 
132600012 
132600013 
132600020 
132600021 
132600022 
132600023 
132600030 
132600031 
132600032 
132600033 
132600034 
132600035 
132600036 
132600040 
132600041 
132600042 
132600043 
132600100 
132600110 
132600111 
132600112 
132600113 
132600210 
132600211 
132600212 
132600213 
132600300 
132600310 
132600311 
132600312 
132600313 
132600320 
132600321 
132600322 
132600410 
132600411 
132600412 
132600413 
132600510 
132600511 
132600520 
132600610 
132600611 
132600612 
132600613 
132600710 
132600711 
132600712 
132600713 
132600720 
132600721 
132600722 
132600723 
132600724 
132600725 
132600730 
132600731 
132600732 
132600733 
132600740 
132600741 
132600742 
132600743 
132600744 
132600910 
132600920 
132601010 
132700010 
132700011 
132700020 
132700021 
132700030 
133000110 
133000120 
133000130 
133000131 
133000140 
133000141 
133000150 
133000160 
133000210 
133000310 
133001110 
133001120 
133001210 
133001211 
133001220 
133001221 
133001230 
133001231 
133001310 
133001410 
133002110 
133002111 
133002120 
133002121 
133002210 
133002211 
133002220 
133002221 
133002310 
133002311 
133002410 
133003110 
133003111 
133003120 
133003121 
133003210 
133003211 
133003310 
133003311 
133003410 
133003411 
133004110 
133004111 
133004112 
133004120 
133004121 
133004122 
133004130 
133004131 
133004132 
133004210 
133004211 
133004220 
133004221 
133004310 
133004311 
133004410 
133004411 
133100110 
133100120 
133100130 
133100140 
133100150 
133100160 
133100210 
133100310 
133100410 
133100420 
133101110 
133101111 
133101120 
133101210 
133101211 
133101220 
133101221 
133101230 
133101310 
133101410 
133103110 
133103111 
133103120 
133103121 
133103210 
133103211 
133103310 
133103311 
133103410 
133103411 
133104110 
133104111 
133104120 
133104121 
133104130 
133104131 
133104210 
133104211 
133104220 
133104221 
133104310 
133104311 
133104410 
133104411 
133105110 
133105111 
133105112 
133105120 
133105121 
133105122 
133105130 
133105131 
133105132 
133105210 
133105220 
133105310 
133105311 
133105410 
133200001 
133200010 
133200020 
133200030 
133200110 
133200120 
133200210 
133200220 
133200310 
133200320 
133200330 
133200410 
133200420 
133200510 
133201010 
133201020 
133201110 
133201120 
133201130 
133201210 
133201220 
133201230 
133201410 
133201420 
133201510 
133201520 
133300010 
133300020 
133300110 
133300120 
133300130 
133300220 
133300310 
133300320 
133300410 
133300420 
133300510 
133300520 
133300610 
133300710 
133300810 
133300910 
133400002 
133400010 
133400011 
133400020 
133400021 
133400030 
133400031 
133400110 
133400111 
133400120 
133400121 
133400130 
133400131 
133400210 
133400211 
133400220 
133400221 
133400310 
133400311 
133400320 
133400321 
133400410 
133400411 
133400420 
133400421 
133400510 
133400511 
133400610 
133400611 
133400710 
133400720 
133400730 
133400810 
133400820 
133400910 
133401010 
133401011 
133401020 
150000000 
150000001 
150000010 
150000011 
150000012 
150000013 
150000014 
150000015 
150000020 
150000110 
150000111 
150000112 
150000113 
150000114 
150000115 
150000120 
150000210 
150000211 
150000212 
150000310 
150000311 
150000312 
150000313 
150000410 
150000411 
150000420 
150000421 
150000510 
150000511 
150000520 
150000521 
150000610 
150000611 
150000612 
150000613 
150000614 
150000710 
150000711 
150000712 
150000713 
150000714 
150000810 
150000811 
150000812 
150000813 
150000814 
150000910 
150000911 
150000912 
150000913 
150000914 
150001010 
150001011 
150001012 
150001013 
150001014 
150001015 
150001016 
150001017 
150001110 
150001111 
150001112 
150001113 
150001114 
150001115 
150001116 
150001117 
150001210 
150100010 
150100011 
150100020 
150100021 
150100030 
150100031 
150100110 
150100111 
150100120 
150100121 
150100210 
150100211 
150100212 
150100213 
150100214 
150100215 
150100216 
150100217 
150100218 
150100220 
150100221 
150100310 
150100311 
150100312 
150100320 
150100410 
150100411 
150100510 
150100511 
150100610 
150100611 
150100612 
150100613 
150100614 
150100615 
150100616 
150100710 
150100810 
150100910 
150100911 
150100912 
150100920 
150100921 
150100922 
150109000 
150200000 
150200010 
150200020 
150200030 
150200110 
150200210 
150200310 
150200410 
150200420 
150200510 
150200511 
150200520 
150200521 
150200610 
150200611 
150200620 
150200910 
150300000 
150300001 
150300002 
150300003 
150300004 
150300005 
150300006 
150300007 
150300008 
150300009 
150300010 
150300101 
150300102 
150300103 
150300104 
150300105 
150300106 
150300107 
150300108 
150300109 
150300110 
150300150 
150300202 
150300203 
150300210 
150300220 
150300230 
150300231 
150300232 
150300310 
150300311 
150300312 
150300313 
150300314 
150300315 
150300320 
150300321 
150300322 
150300323 
150300324 
150300325 
150300400 
150300410 
150300411 
150300412 
150300414 
150300415 
150300416 
150300417 
150300419 
150300420 
150300421 
150300510 
150300511 
150300520 
150300710 
150300720 
150300810 
150300811 
150300812 
150300813 
150300814 
150300815 
150300820 
150300821 
150300822 
150300830 
150300831 
150300832 
150300910 
150300911 
150300912 
150300913 
150300914 
150300915 
150300920 
150300921 
150300922 
150300930 
150300931 
150300932 
150301010 
150301020 
150301021 
150301022 
150301110 
150301210 
150301211 
150301212 
150301213 
150301214 
150301220 
150302411 
150302412 
150302413 
150302414 
150302416 
150302417 
150302418 
150302419 
150400110 
150400111 
150400112 
150400210 
150400211 
150400212 
150400220 
150400221 
150400222 
150400230 
150400231 
150400232 
150400310 
150400311 
150400312 
150400320 
150400321 
150400322 
150400330 
150400331 
150400332 
150400410 
150400411 
150400412 
150400420 
150400421 
150400422 
150400430 
150400431 
150400432 
150400440 
150400441 
150400442 
150400450 
150400451 
150400452 
150400510 
150400511 
150400512 
150400520 
150400521 
150400522 
150400523 
150400524 
150400610 
150400611 
150400612 
150400710 
150400711 
150400712 
150400810 
150400811 
150400820 
150400830 
150400831 
150400840 
150400841 
150400850 
150400851 
150400860 
150400870 
150400871 
150400872 
150400873 
150400910 
150400911 
150400920 
150400930 
150400940 
150610001 
150610002 
150610003 
150610005 
150610010 
150610020 
150610110 
150610120 
150610210 
150610310 
150610410 
150610411 
150610510 
150620000 
150620010 
150620110 
150650110 
150650120 
150650210 
150650220 
150650310 
150650320 
150650410 
150650510 
150650610 
150650710 
150650720 
150650730 
150650810 
150700410 
150700411 
150700420 
150701010 
150701110 
150701210 
150701310 
150800010 
150800110 
150800210 
150800310 
150800410 
150900010 
150900110 
150900120 
150900210 
150900220 
150900310 
150900410 
150900510 
150900511 
150900512 
150900513 
150900520 
150900530 
150900540 
150900610 
150900710 
150900720 
151100010 
151100020 
151100030 
151100031 
151100040 
151100041 
151100110 
151100120 
151100310 
151100311 
151100320 
151100321 
151100410 
151100411 
151100510 
151100511 
151100610 
151100710 
151100711 
151100720 
151100730 
151100810 
151100811 
151200010 
151200020 
151200030 
151200110 
151200210 
151200310 
151200311 
151200312 
151200320 
151200321 
151200322 
151200323 
151200410 
151200420 
151200430 
151200440 
151200510 
151200520 
151200530 
151200540 
151200610 
151460010 
151460011 
151460020 
151460021 
151460030 
151460031 
151460110 
151460111 
151460120 
151460121 
151460130 
151460131 
151460210 
151460211 
151460220 
151460221 
151460310 
151460311 
151460320 
151460321 
151460330 
151460331 
151460410 
151460411 
151460412 
151460413 
151460414 
151460510 
151460511 
151460512 
151460513 
151460514 
151460610 
160000000 
160000001 
160000002 
160000003 
160000004 
160000005 
160000006 
160000007 
160000008 
160000009 
160000010 
160000101 
160000102 
160000103 
160000110 
160000111 
160000210 
160000211 
160000310 
160000311 
160000410 
160000411 
160000510 
160000511 
160000512 
160000513 
160000520 
160000521 
160000522 
160000523 
160000610 
160000611 
160000612 
160000613 
160000710 
160000711 
160000712 
160000720 
160000721 
160000722 
160000730 
160000731 
160000732 
160000811 
160000812 
160000813 
160001000 
160100001 
160100002 
160100003 
160100004 
160100005 
160100010 
160100011 
160100012 
160100013 
160100020 
160100021 
160100022 
160100023 
160100030 
160100110 
160100111 
160100112 
160100113 
160100120 
160100121 
160100122 
160100123 
160100210 
160100211 
160100212 
160100213 
160100310 
160100311 
160100312 
160100313 
160100410 
160100411 
160100412 
160100510 
160100511 
160100610 
160100611 
160100710 
160100711 
160100712 
160100713 
160100810 
160100811 
160100812 
160100813 
160100814 
160100815 
160100816 
160100817 
160100910 
160100911 
160190001 
160200000 
160200001 
160200005 
160200006 
160200010 
160200011 
160200012 
160200020 
160200021 
160200022 
160200110 
160200111 
160200112 
160200113 
160200114 
160200115 
160200116 
160200117 
160200118 
160200119 
160200120 
160200121 
160200122 
160200210 
160200211 
160200212 
160200213 
160200214 
160200215 
160200216 
160200217 
160200218 
160200219 
160200220 
160200221 
160200222 
160200223 
160200224 
160200225 
160200310 
160200311 
160200312 
160200313 
160200314 
160200315 
160200316 
160200317 
160200318 
160200319 
160200320 
160200321 
160200322 
160200323 
160200324 
160200325 
160200326 
160200410 
160200411 
160200412 
160200420 
160200421 
160200422 
160200430 
160200431 
160200432 
160200510 
160200511 
160200512 
160200520 
160200521 
160200522 
160200530 
160200531 
160200532 
160200610 
160200611 
160200612 
160200613 
160200614 
160200615 
160200616 
160200617 
160200618 
160200619 
160200620 
160200621 
160200622 
160200623 
160200624 
160200625 
160200626 
160200627 
160200629 
160200630 
160200632 
160200633 
160200634 
160200635 
160200636 
160200637 
160200638 
160200639 
160200640 
160200641 
160200650 
160200710 
160200711 
160200712 
160200713 
160200714 
160200715 
160200716 
160200717 
160200720 
160200721 
160200722 
160200723 
160200724 
160200725 
160200726 
160200727 
160200729 
160200730 
160200732 
160200733 
160200734 
160200735 
160200736 
160200737 
160200738 
160200739 
160200740 
160200741 
160200810 
160200811 
160200812 
160200813 
160200814 
160200815 
160200816 
160200817 
160200820 
160200821 
160200822 
160200823 
160200830 
160200831 
160200832 
160200833 
160200834 
160200835 
160200836 
160200837 
160200910 
160200911 
160200912 
160200913 
160200914 
160200915 
160200916 
160200917 
160200920 
160200921 
160200922 
160200923 
160201010 
160201011 
160201012 
160201013 
160201014 
160201015 
160201020 
160201030 
160201031 
160201032 
160201033 
160201040 
160201110 
160201120 
160201121 
160201122 
160201123 
160201124 
160201125 
160201126 
160201127 
160201128 
160201210 
160201212 
160201213 
160201215 
160201216 
160201217 
160201218 
160201219 
160201220 
160201221 
160201222 
160201223 
160201224 
160201225 
160201226 
160201227 
160300000 
160300001 
160300002 
160300003 
160300005 
160300006 
160300010 
160300011 
160300012 
160300013 
160300014 
160300015 
160300016 
160300017 
160300020 
160300021 
160300022 
160300023 
160300024 
160300025 
160300026 
160300027 
160300110 
160300111 
160300120 
160300121 
160300130 
160300131 
160300140 
160300141 
160300310 
160300311 
160300320 
160300321 
160300330 
160300331 
160300340 
160300341 
160300510 
160300511 
160300512 
160300513 
160300520 
160300521 
160300522 
160300523 
160300530 
160300531 
160300532 
160300610 
160300620 
160300621 
160300622 
160300623 
160300710 
160300720 
160300721 
160300722 
160300723 
160300724 
160300725 
160300726 
160300727 
160300810 
160300820 
160300821 
160300822 
160300823 
160300910 
160300920 
160300921 
160300922 
160300923 
160300924 
160300925 
160300926 
160300927 
160301010 
160301011 
160301020 
160301021 
160301030 
160301031 
160301040 
160301041 
160301110 
160301111 
160301120 
160301121 
160301130 
160301131 
160301140 
160301141 
160301210 
160301211 
160301220 
160301221 
160301230 
160301231 
160301240 
160301241 
160301310 
160301311 
160301320 
160301321 
160301330 
160301331 
160301340 
160301341 
160301410 
160301510 
160301610 
160301710 
160310002 
160310005 
160310006 
160310007 
160310008 
160310010 
160310011 
160310012 
160310013 
160310014 
160310110 
160310111 
160310120 
160310121 
160310130 
160310131 
160310210 
160310211 
160310220 
160310221 
160310230 
160310231 
160310310 
160310311 
160310320 
160310321 
160310410 
160310510 
160310610 
160310611 
160320010 
160320011 
160320012 
160320013 
160320014 
160320015 
160320016 
160320017 
160320020 
160320021 
160320022 
160320023 
160320024 
160320025 
160320026 
160320027 
160320030 
160320031 
160700000 
160700001 
160700002 
160700003 
160700004 
160700005 
160700006 
160700010 
160700011 
160700012 
160700013 
160700020 
160700021 
160700022 
160700023 
160700110 
160700111 
160700112 
160700113 
160700120 
160700121 
160700210 
160700211 
160700220 
160700221 
160700310 
160700311 
160700320 
160700321 
160700322 
160700323 
160700410 
160700411 
160700412 
160700413 
160700414 
160700415 
160700416 
160700417 
160700510 
160700610 
160700710 
160700811 
160700812 
160700813 
160700814 
160700910 
160700911 
160700912 
160701010 
160701011 
160701012 
160701013 
160701014 
160701015 
160701110 
160800010 
160800020 
160800030 
160800040 
160800050 
160800060 
160800070 
160800080 
160800090 
160800100 
160800110 
160800120 
160800130 
160800140 
160800150 
160800160 
161100010 
161100011 
161100012 
161100020 
161100021 
161100022 
161100030 
161100031 
161100032 
161100110 
161100111 
161100112 
161100120 
161100121 
161100122 
161100310 
161100311 
161100312 
161100410 
161100411 
161100412 
161100510 
161100610 
161100611 
161100612 
161100710 
161100711 
161100712 
161100720 
161100721 
161100722 
161100810 
161910001 
161910002 
161910003 
161910004 
161910005 
161910006 
161910010 
161910011 
161910110 
161910111 
161910210 
161910211 
161910310 
161910311 
161910312 
161910313 
161910314 
161910315 
161910316 
161910410 
161910411 
161910510 
161910511 
161910610 
161910620 
161910710 
161910711 
161910712 
161910713 
161910714 
161910715 
161910716 
161910810 
161910910 
161911010 
161911011 
161911012 
161911013 
161911014 
161911015 
161919000 
162500010 
162500020 
162500021 
162500030 
162500040 
162500110 
162500111 
162500120 
162500130 
162500210 
162500220 
162500310 
162500410 
162500510 
162500610 
162500710 
162500720 
162500810 
162500815 
162500910 
162500920 
162501010 
162501020 
162501110 
162501111 
162501112 
162501120 
162501121 
162600010 
162600020 
162600030 
162600130 
162600210 
162600211 
162600220 
162600230 
162600310 
162600311 
162600320 
162600330 
162600410 
162600411 
162600420 
162600421 
162600510 
162600610 
162600710 
162600720 
162600730 
162700010 
162700011 
162700020 
162700021 
162700030 
162700031 
162700110 
162700111 
162700120 
162700121 
162700210 
162700211 
162700220 
162700221 
162700310 
162700311 
162700312 
162700410 
162700411 
162700420 
162700421 
162700430 
162700431 
162700510 
162700610 
162700710 
162700810 
162700910 
162701010 
162701110 
162701111 
162701112 
165000000 
165000001 
165000002 
165000003 
165000004 
165000005 
165000006 
165000007 
165000010 
165000011 
165000020 
165000021 
165000030 
165000031 
165000110 
165000111 
165000120 
165000121 
165000210 
165000211 
165000310 
165000311 
165000410 
165000411 
165000412 
165000510 
165000511 
165000610 
165000611 
165000612 
165000710 
165000711 
165000810 
165000811 
165000910 
165000950 
165000951 
165000990 
165001000 
165001001 
165001010 
165001011 
165001020 
165001021 
165001030 
165001031 
165001110 
165001111 
165001120 
165001121 
165001210 
165001211 
165001310 
165001311 
165001410 
165001411 
165001412 
165001510 
165001511 
165001610 
165001611 
165001612 
165001710 
165001711 
165001810 
165001811 
165001910 
165001950 
165001951 
165100010 
165100020 
165100025 
165100030 
165100040 
165100050 
165100110 
165100111 
165100120 
165100125 
165100130 
165100310 
165100311 
165100320 
165100410 
165100510 
165100610 
165100620 
165300010 
165300011 
165300020 
165300021 
165300030 
165300031 
165300110 
165300111 
165300120 
165300121 
165300210 
165300211 
165300220 
165300221 
165300230 
165300231 
165300310 
165300311 
165300312 
165300313 
165300410 
165300411 
165300510 
165300511 
165300610 
165300611 
165301010 
165301020 
165301030 
165301110 
165301120 
165301210 
165301310 
165301311 
165301320 
165301321 
165301330 
165301331 
165301340 
165301341 
165301410 
165301411 
165301510 
165301511 
165302010 
165302011 
165302020 
165302021 
165302030 
165302031 
165302110 
165302111 
165302120 
165302121 
165302210 
165302211 
165302220 
165302221 
165302310 
165302311 
165302410 
165302411 
165302510 
165302511 
165303010 
165303020 
165303030 
165303110 
165400000 
165400001 
165400002 
165400010 
165400011 
165400110 
165400210 
165400310 
165400311 
165400312 
165401000 
165600010 
165600020 
165600030 
165600031 
165600110 
165600120 
165600210 
165600310 
165600410 
165600510 
165600520 
165600610 
165600710 
165600720 
165600810 
165600910 
165700000 
165700001 
165700002 
165700010 
165700020 
165700110 
165900010 
165900030 
165900110 
165900130 
165900210 
165900220 
165900230 
165900310 
165900410 
165900420 
165900421 
165900510 
165900610 
165900710 
165900720 
165900721 
165900730 
165900740 
165900810 
165900820 
166000010 
166000020 
166000030 
166000110 
166000120 
166000210 
166000211 
166000220 
166000221 
166000310 
166000311 
166000410 
166000411 
166000510 
166000511 
166000610 
166000620 
166000710 
166000810 
166100010 
166100011 
166100020 
166100110 
166100111 
166100210 
166100211 
166100310 
166100311 
166100410 
166100510 
166100511 
166100610 
166100710 
166100720 
166100810 
166100910 
166100911 
166100920 
166100930 
166101000 
166101010 
166101100 
166101101 
166101200 
166101210 
166101211 
166200110 
166200120 
166200210 
166200310 
166200410 
166200510 
166201000 
166300010 
166300020 
166300030 
166300031 
166300110 
166300120 
166300210 
166300220 
166300310 
166300410 
166300510 
166300520 
166300610 
166301010 
166301110 
166301120 
166301210 
166301220 
166301310 
166301410 
166301510 
166301520 
166301610 
166301620 
166500000 
166500010 
166500011 
166500020 
166500021 
166500030 
166500031 
166500032 
166500033 
166500040 
166500041 
166500050 
166500051 
166500110 
166500111 
166500120 
166500121 
166500123 
166500124 
166500130 
166500131 
166500132 
166500133 
166500140 
166500141 
166500150 
166500151 
166500210 
166500211 
166500220 
166500221 
166500230 
166500231 
166500310 
166500311 
166500320 
166500321 
166501010 
166501110 
166501210 
166501220 
166501310 
166501320 
166501410 
166501510 
166600010 
166600020 
166600120 
166600210 
166600220 
166600310 
166600320 
166600410 
166600510 
166601010 
166601020 
166601030 
166601110 
166601120 
166601130 
166601210 
166601310 
166601410 
166601420 
166601510 
166602010 
166602020 
166603010 
166603020 
166603110 
166604000 
167000010 
167000020 
167000030 
167000040 
167000110 
167000130 
167000131 
167000132 
167000133 
167000134 
167000135 
167000136 
167000137 
167000138 
167000139 
167000210 
167000400 
167000410 
167100000 
167100001 
167100002 
167100003 
167110000 
167110001 
167110002 
167110003 
167200000 
167200001 
167200010 
167200020 
167200110 
167200210 
167200310 
167400010 
167400020 
167400110 
167500000 
167500005 
167500010 
167500011 
167500020 
167500021 
167500030 
167500031 
167500040 
167500041 
167500130 
167500131 
167500210 
167500211 
167500220 
167500221 
167500230 
167500231 
167500310 
167500311 
167500312 
167500313 
167500314 
167500315 
167500316 
167500410 
167500411 
167500510 
167500511 
167500610 
167500611 
167500710 
167500711 
167500810 
167500811 
167500910 
167500911 
167501010 
167501011 
167501012 
167501020 
167501021 
167501022 
167501030 
167501031 
167501032 
167501040 
167501130 
167501131 
167501132 
167501210 
167501211 
167501212 
167501220 
167501221 
167501222 
167501223 
167501224 
167501225 
167501226 
167501227 
167501230 
167501231 
167501232 
167501310 
167501311 
167501312 
167501313 
167501314 
167501315 
167501316 
167501317 
167501320 
167501321 
167501322 
167501410 
167501411 
167501412 
167501510 
167501520 
167501530 
167501540 
167501620 
167501621 
167501630 
167501710 
167501810 
167700010 
167700020 
167700110 
167700210 
167700220 
167700310 
167701010 
167701110 
167701210 
167701310 
167800010 
167800011 
167800012 
167800020 
167800021 
167800022 
167800110 
167800111 
167800112 
167800120 
167800121 
167800122 
167800210 
167800310 
167800311 
167800312 
167800410 
167800411 
167800412 
167800510 
167800610 
167800710 
167800711 
167800712 
167800810 
167800811 
167800820 
167800920 
167800930 
167801000 
167801001 
167801010 
167801011 
167801020 
167801030 
167900000 
167900010 
167900011 
167900020 
167900021 
167900070 
167900075 
167900080 
167900085 
167900090 
167900095 
167900170 
167900175 
167900180 
167900185 
167900190 
167900195 
167900210 
167900211 
167900310 
167900311 
167900410 
167900411 
167900470 
167900480 
167900485 
167900490 
167900495 
167900510 
167900511 
167900570 
167900580 
167900585 
167900590 
167900595 
167900610 
167900710 
167900711 
167900810 
167900811 
167900910 
167900920 
167900970 
167900975 
167900980 
167900985 
167900990 
167901310 
167901311 
167901320 
167901330 
167901340 
167901350 
167901360 
167901370 
167901380 
167901390 
167901470 
167901475 
167901480 
167901485 
167901490 
167901495 
167901570 
167901575 
167901580 
167901585 
167901590 
167901595 
167901670 
167901675 
167901680 
167901685 
167901690 
167901695 
167901810 
167901820 
167901830 
167901840 
167901850 
167901860 
168000000 
168000110 
168000111 
168000112 
168000120 
168000121 
168000122 
168000130 
168000131 
168000132 
168000220 
168000221 
168000222 
168000310 
168000311 
168000312 
168000320 
168000321 
168000322 
168000330 
168000331 
168000332 
168000410 
168000411 
168000412 
168000413 
168000414 
168000415 
168000420 
168000421 
168000422 
168000510 
168000511 
168000512 
168000610 
168000611 
168000612 
168000710 
168000810 
168000811 
168000812 
168000820 
168000910 
168000911 
168000912 
168000920 
168001010 
168001011 
168001012 
168001110 
168001111 
168001112 
168001210 
168001211 
168001212 
168001220 
168001221 
168001222 
168001230 
168001231 
168001232 
168001310 
168001311 
168001312 
168001313 
168001410 
168100000 
168100001 
168100005 
168100006 
168100007 
168100008 
168100010 
168100011 
168100012 
168100013 
168100014 
168100015 
168100016 
168100020 
168100021 
168100022 
168100023 
168100030 
168100031 
168100110 
168100111 
168100112 
168100113 
168100114 
168100115 
168100116 
168100120 
168100121 
168100122 
168100123 
168100130 
168100131 
168100132 
168100133 
168100134 
168100135 
168100220 
168100221 
168100222 
168100223 
168100310 
168100320 
168100321 
168100330 
168100331 
168100340 
168100341 
168100342 
168100343 
168100344 
168100350 
168100351 
168100352 
168100353 
168100360 
168100361 
168100410 
168100420 
168100421 
168100422 
168100423 
168100510 
168100610 
168100620 
168100621 
168100710 
168100730 
168100760 
168100810 
168100820 
168100821 
168100920 
168101010 
168101011 
168101012 
168101013 
168101014 
168101015 
168101016 
168101017 
168101018 
168101019 
168101020 
168101021 
168101050 
168101051 
168101052 
168101053 
168101054 
168101055 
168101056 
168101057 
168101058 
168101059 
168101060 
168101061 
168101070 
168101071 
168101072 
168101073 
168101110 
168101120 
168101121 
168101122 
168101210 
168101211 
168101220 
168101221 
168101310 
168101311 
168101312 
168101313 
168101314 
168101315 
168101316 
168101317 
168101318 
168101319 
168101320 
168101321 
168101350 
168101351 
168101352 
168101353 
168101354 
168101355 
168101356 
168101357 
168101358 
168101359 
168101360 
168101361 
168101410 
168101420 
168101430 
168101431 
168101432 
168101433 
168101440 
168101441 
168101442 
168101443 
168101450 
168101460 
168101470 
168101471 
168101480 
168101481 
168101490 
168101491 
168101510 
168101520 
168101521 
168101522 
168101610 
168101620 
168101630 
168101700 
168101710 
168101720 
168101730 
168101740 
168101750 
168200010 
168200011 
168200020 
168200021 
168200030 
168200031 
168200110 
168200111 
168200210 
168200211 
168200220 
168200221 
168200310 
168200311 
168200320 
168200321 
168200410 
168200411 
168200420 
168200421 
168200510 
168200511 
168200610 
168200611 
168201010 
168201110 
168201111 
168201120 
168201121 
168201210 
168201211 
168201212 
168201213 
168201310 
168201311 
168201312 
168201313 
168201710 
168201810 
168201811 
168201812 
168201820 
168201821 
168300002 
168300003 
168300004 
168300005 
168300010 
168300011 
168300110 
168300120 
168300210 
168300220 
168300310 
168300320 
168300410 
168300420 
168300430 
168300440 
168300450 
168300451 
168300460 
168300461 
168300510 
168300520 
168300530 
168300531 
168300532 
168300610 
168300710 
168300810 
168300811 
168300812 
168300820 
168300821 
168300822 
168300910 
168300920 
168300921 
168300930 
168301010 
168301020 
168301021 
168302010 
168302020 
168800010 
168800011 
168800020 
168800021 
168800030 
168800031 
168800110 
168800111 
168800120 
168800121 
168800210 
168800211 
168800310 
168800311 
168801010 
168801011 
168801012 
168801020 
168801021 
168801022 
168801030 
168801031 
168801032 
168801110 
168801111 
168801112 
168801120 
168801121 
168801122 
168801210 
168801211 
168801212 
168801310 
168801311 
168801312 
168801410 
168801411 
168801412 
168801510 
168801511 
168801512 
168802010 
168802011 
168802012 
168802020 
168802021 
168802022 
168802030 
168802031 
168802032 
168802110 
168802111 
168802112 
168802120 
168802121 
168802122 
168802210 
168802211 
168802212 
168802310 
168802311 
168802312 
168802410 
168802411 
168802412 
168802510 
168802511 
168802512 
168803010 
168803011 
168803020 
168803021 
168803110 
168803111 
168803210 
168803211 
168803311 
168803410 
168803510 
168803530 
168803610 
168803620 
168900000 
168900010 
168900011 
168900020 
168900021 
168900030 
168900031 
168900110 
168900111 
168900120 
168900121 
168900210 
168900211 
168900310 
168900311 
168900410 
168900411 
168900420 
168900421 
168900430 
168900431 
168901010 
168901011 
168901012 
168901020 
168901021 
168901022 
168901030 
168901031 
168901032 
168901110 
168901111 
168901112 
168901120 
168901121 
168901122 
168901210 
168901211 
168901212 
168901310 
168901311 
168901312 
168901410 
168901411 
168901412 
168901510 
168901511 
168901512 
168902010 
168902011 
168902012 
168902020 
168902021 
168902022 
168902030 
168902031 
168902032 
168902110 
168902111 
168902112 
168902120 
168902121 
168902122 
168902210 
168902211 
168902212 
168902310 
168902311 
168902312 
168902410 
168902411 
168902412 
168902510 
168902511 
168902512 
168903010 
168903011 
168903110 
168903111 
168903120 
168903130 
168903131 
168903140 
168903141 
168903150 
168903151 
168903160 
168903161 
168903170 
168903171 
168903180 
168903181 
168903190 
168903191 
168903195 
168903210 
168903310 
168903311 
168903320 
168903410 
169000000 
169000010 
169000011 
169000110 
169000111 
169000210 
169000211 
169000310 
169000311 
169000320 
169000321 
169000330 
169000331 
169000410 
169000411 
169000420 
169000421 
169000430 
169000431 
169000440 
169000441 
169000710 
169000711 
169000810 
169000811 
169000820 
169000821 
169001010 
169001011 
169001210 
169001211 
169001220 
169001221 
169001230 
169001240 
169001310 
169001311 
169001320 
169001321 
169001330 
169001331 
169002010 
169002011 
169002012 
169002110 
169002111 
169002112 
169002210 
169002211 
169002212 
169002310 
169002311 
169002312 
169002320 
169002321 
169002322 
169002330 
169002331 
169002332 
169002410 
169002411 
169002412 
169002420 
169002421 
169002423 
169002430 
169002431 
169002432 
169002440 
169002441 
169002443 
169002510 
169002511 
169002512 
169002513 
169002520 
169002610 
169002611 
169002612 
169002613 
169002620 
169002710 
169002711 
169002712 
169002810 
169002811 
169002812 
169002820 
169002821 
169002822 
169003010 
169003011 
169003012 
169003110 
169003210 
169003211 
169003212 
169003220 
169003221 
169003222 
169003230 
169003310 
169003311 
169003312 
169003320 
169003321 
169003322 
169003330 
169003331 
169003332 
169200000 
169200010 
169200011 
169200020 
169200021 
169200030 
169200031 
169200080 
169200090 
169200100 
169200101 
169200102 
169200103 
169200104 
169200105 
169200106 
169200107 
169200110 
169200120 
169200121 
169200130 
169200131 
169200140 
169200141 
169200150 
169200151 
169200160 
169200161 
169200170 
169200171 
169200180 
169200181 
169200190 
169200210 
169200220 
169200221 
169200230 
169200231 
169200240 
169200241 
169200250 
169200251 
169200260 
169200261 
169200270 
169200271 
169200280 
169200281 
169200290 
169200300 
169200301 
169200302 
169200303 
169200310 
169200400 
169200410 
169200420 
169200490 
169200491 
169200492 
169200500 
169200501 
169200510 
169200511 
169200600 
169200610 
169200620 
169200700 
169200710 
169200720 
169200730 
169200790 
169200800 
169200900 
169200910 
169900000 
170450010 
170450020 
170450030 
170450040 
170450041 
170450110 
170450111 
170450120 
170450121 
170450130 
170450131 
170450210 
170450310 
170450311 
170450410 
170450411 
170450510 
170450511 
170450610 
170450611 
170450710 
170450810 
172300010 
172300110 
172300120 
172300130 
172300140 
172300210 
172400010 
172400110 
172400120 
172400130 
172400140 
172400210 
172400310 
172400410 
172400420 
172400510 
172500010 
172500110 
172500210 
172500220 
173000010 
173000110 
173000120 
173000130 
173000210 
173000220 
173000310 
173000410 
173000510 
173000610 
173001010 
173001110 
173001120 
173001210 
173001220 
173001310 
173001410 
173001510 
173001610 
173002100 
173002200 
173002300 
173002400 
173002500 
173002600 
174200010 
174200110 
174200120 
174200130 
174200210 
174200220 
174200230 
174200310 
174200410 
174200510 
174200610 
174200620 
174200710 
174200720 
174200721 
174201110 
174201120 
174201130 
174201210 
174201220 
174201230 
174201310 
174201410 
174201510 
174201610 
174201620 
174201630 
174201640 
174201710 
174201720 
174201721 
174201810 
174201910 
174300010 
174300110 
174300120 
174300130 
174300210 
174300220 
174300230 
174300310 
174300410 
174300510 
174300610 
174300620 
174300710 
174300720 
174300721 
174301110 
174301120 
174301130 
174301210 
174301220 
174301230 
174301310 
174301410 
174301510 
174301610 
174301620 
174301630 
174301640 
174301710 
174301720 
174301810 
174301910 
174400010 
174400110 
174400120 
174400130 
174400210 
174400220 
174400230 
174401310 
174401410 
174401510 
174401520 
174401610 
174401620 
175100010 
175100110 
175100120 
175100130 
175100210 
175100310 
175100410 
175100510 
175100520 
175100610 
175100620 
175200010 
175200110 
175200120 
175200130 
175200210 
175200310 
175200410 
175200420 
175200510 
175200610 
175200620 
175300010 
175300110 
175300120 
175300130 
175300210 
175300310 
175300410 
175300411 
175300510 
175300520 
175300530 
175300610 
175300710 
175301110 
175301210 
175400010 
175400110 
176200010 
176200110 
176200120 
176200130 
176200210 
176200310 
176400010 
176400110 
176400120 
176400130 
176400210 
176400310 
176430010 
176430110 
176430120 
176430130 
176430210 
176430310 
176800010 
176800110 
176800210 
176800310 
176800311 
176800312 
176800320 
176800321 
176800322 
176800323 
176800410 
176800510 
176800610 
176800620 
176900110 
176901010 
176901110 
176901210 
176901310 
176901320 
176901330 
177000010 
177000020 
177000030 
177000110 
177000210 
177000310 
177000320 
177000410 
177000420 
177000510 
177001010 
177001020 
177001110 
177001210 
177001220 
177001230 
177001310 
177001320 
177001330 
177001331 
177001332 
177001340 
177001350 
177001360 
177001370 
177001380 
177001410 
177001420 
177001430 
177100010 
177100020 
177100030 
177100110 
177100210 
177100310 
177100410 
177100510 
177100511 
177100512 
177100513 
177100610 
177100620 
177100630 
177100640 
177100650 
178300010 
178300110 
178300111 
178300120 
178300121 
178300130 
178300131 
178300210 
178300211 
178300310 
178300410 
178300510 
178300520 
178300600 
178300610 
178500010 
178500110 
178500120 
178500130 
178500210 
178500310 
178500320 
178500410 
178500420 
178500430 
178500510 
178501010 
178501110 
180000010 
180000110 
180000111 
180000120 
180000121 
180000130 
180000131 
180000140 
180000141 
180010010 
180010020 
180010030 
180010040 
180010050 
180010060 
180010070 
180010080 
180010090 
180010100 
180010110 
180010120 
180010130 
180010140 
180010150 
180010160 
180010170 
180010180 
180010190 
180010200 
180010210 
180010220 
180010230 
180010240 
180010250 
180010260 
180100100 
180100200 
180100300 
180100400 
180100500 
180100600 
180100700 
180100800 
180100900 
180101000 
180101100 
180101200 
180101300 
180101400 
180101500 
180101600 
180101700 
180101800 
180101900 
180102000 
180102100 
180102200 
180102300 
180102400 
180102500 
180102600 
180110100 
180110200 
180110300 
180110400 
180110500 
180110600 
180110700 
180110800 
180110900 
180111000 
180111100 
180111200 
180111300 
180111400 
180111500 
180111600 
180111700 
180111800 
180111900 
180112000 
180112100 
180112200 
180112300 
180112400 
180112500 
180112600 
180200100 
180200200 
180200300 
180200400 
180200500 
180200600 
180200700 
180200800 
180200900 
180201000 
180201100 
180201200 
180201300 
180201400 
180201500 
180201600 
180201700 
180201800 
180201900 
180202000 
180202100 
180202200 
180202300 
180202400 
180202500 
180202600 
180210100 
180210200 
180210300 
180210400 
180210500 
180210600 
180210700 
180210800 
180210900 
180211000 
180211100 
180211200 
180211300 
180211400 
180211500 
180211600 
180211700 
180211800 
180211900 
180212000 
180212100 
180212200 
180212300 
180212400 
180212500 
180212600 
180220100 
180220200 
180220300 
180220400 
180220500 
180220600 
180220700 
180220800 
180220900 
180221000 
180221100 
180221200 
180221300 
180221400 
180221500 
180221600 
180221700 
180221800 
180221900 
180222000 
180222100 
180222200 
180222300 
180222400 
180222500 
180222600 
180230100 
180230200 
180230300 
180230400 
180230500 
180230600 
180230700 
180230800 
180230900 
180231000 
180231100 
180231200 
180231300 
180231400 
180231500 
180231600 
180231700 
180231800 
180231900 
180232000 
180232100 
180232200 
180232300 
180232400 
180232500 
180232600 
180240100 
180240200 
180240300 
180240400 
180240500 
180240600 
180240700 
180240800 
180240900 
180241000 
180241100 
180241200 
180241300 
180241400 
180241500 
180241600 
180241700 
180241800 
180241900 
180242000 
180242100 
180242200 
180242300 
180242400 
180242500 
180242600 
180300100 
180300200 
180300300 
180300400 
180300500 
180300600 
180300700 
180300800 
180300900 
180301000 
180301100 
180301200 
180301300 
180301400 
180301500 
180301600 
180301700 
180301800 
180301900 
180302000 
180302100 
180302200 
180302300 
180302400 
180302500 
180302600 
180310100 
180310200 
180310300 
180310400 
180310500 
180310600 
180310700 
180310800 
180310900 
180311000 
180311100 
180311200 
180311300 
180311400 
180311500 
180311600 
180311700 
180311800 
180311900 
180312000 
180312100 
180312200 
180312300 
180312400 
180312500 
180312600 
180320100 
180320200 
180320300 
180320400 
180320500 
180320600 
180320700 
180320800 
180320900 
180321000 
180321100 
180321200 
180321300 
180321400 
180321500 
180321600 
180321700 
180321800 
180321900 
180322000 
180322100 
180322200 
180322300 
180322400 
180322500 
180322600 
180330100 
180330200 
180330300 
180330400 
180330500 
180330600 
180330700 
180330800 
180330900 
180331000 
180331100 
180331200 
180331300 
180331400 
180331500 
180331600 
180331700 
180331800 
180331900 
180332000 
180332100 
180332200 
180332300 
180332400 
180332500 
180332600 
180340100 
180340200 
180340300 
180340400 
180340500 
180340600 
180340700 
180340800 
180340900 
180341000 
180341100 
180341200 
180341300 
180341400 
180341500 
180341600 
180341700 
180341800 
180341900 
180342000 
180342100 
180342200 
180342300 
180342400 
180342500 
180342600 
180400100 
180400200 
180400300 
180400400 
180400500 
180400600 
180400700 
180400800 
180400900 
180401000 
180401100 
180401200 
180401300 
180401400 
180401500 
180401600 
180401700 
180401800 
180401900 
180402000 
180402100 
180402200 
180402300 
180402400 
180402500 
180402600 
180410100 
180410200 
180410300 
180410400 
180410500 
180410600 
180410700 
180410800 
180410900 
180411000 
180411100 
180411200 
180411300 
180411400 
180411500 
180411600 
180411700 
180411800 
180411900 
180412000 
180412100 
180412200 
180412300 
180412400 
180412500 
180412600 
180500100 
180500200 
180500300 
180500400 
180500500 
180500600 
180500700 
180500800 
180500900 
180501000 
180501100 
180501200 
180501300 
180501400 
180501500 
180501600 
180501700 
180501800 
180501900 
180502000 
180502100 
180502200 
180502300 
180502400 
180502500 
180502600 
180510100 
180510200 
180510300 
180510400 
180510500 
180510600 
180510700 
180510800 
180510900 
180511000 
180511100 
180511200 
180511300 
180511400 
180511500 
180511600 
180511700 
180511800 
180511900 
180512000 
180512100 
180512200 
180512300 
180512400 
180512500 
180512600 
180520100 
180520200 
180520300 
180520400 
180520500 
180520600 
180520700 
180520800 
180520900 
180521000 
180521100 
180521200 
180521300 
180521400 
180521500 
180521600 
180521700 
180521800 
180521900 
180522000 
180522100 
180522200 
180522300 
180522400 
180522500 
180522600 
180530100 
180530200 
180530300 
180530400 
180530500 
180530600 
180530700 
180530800 
180530900 
180531000 
180531100 
180531200 
180531300 
180531400 
180531500 
180531600 
180531700 
180531800 
180531900 
180532000 
180532100 
180532200 
180532300 
180532400 
180532500 
180532600 
180540100 
180540200 
180540300 
180540400 
180540500 
180540600 
180540700 
180540800 
180540900 
180541000 
180541100 
180541200 
180541300 
180541400 
180541500 
180541600 
180541700 
180541800 
180541900 
180542000 
180542100 
180542200 
180542300 
180542400 
180542500 
180542600 
180550100 
180550200 
180550300 
180550400 
180550500 
180550600 
180550700 
180550800 
180550900 
180551000 
180551100 
180551200 
180551300 
180551400 
180551500 
180551600 
180551700 
180551800 
180551900 
180552000 
180552100 
180552200 
180552300 
180552400 
180552500 
180552600 
180560100 
180560200 
180560300 
180560400 
180560500 
180560600 
180560700 
180560800 
180560900 
180561000 
180561100 
180561200 
180561300 
180561400 
180561500 
180561600 
180561700 
180561800 
180561900 
180562000 
180562100 
180562200 
180562300 
180562400 
180562500 
180562600 
180600100 
180600200 
180600300 
180600400 
180600500 
180600600 
180600700 
180600800 
180600900 
180601000 
180601100 
180601200 
180601300 
180601400 
180601500 
180601600 
180601700 
180601800 
180601900 
180602000 
180602100 
180602200 
180602300 
180602400 
180602500 
180602600 
180610100 
180610200 
180610300 
180610400 
180610500 
180610600 
180610700 
180610800 
180610900 
180611000 
180611100 
180611200 
180611300 
180611400 
180611500 
180611600 
180611700 
180611800 
180611900 
180612000 
180612100 
180612200 
180612300 
180612400 
180612500 
180612600 
180620100 
180620200 
180620300 
180620400 
180620500 
180620600 
180620700 
180620800 
180620900 
180621000 
180621100 
180621200 
180621300 
180621400 
180621500 
180621600 
180621700 
180621800 
180621900 
180622000 
180622100 
180622200 
180622300 
180622400 
180622500 
180622600 
180630100 
180630200 
180630300 
180630400 
180630500 
180630600 
180630700 
180630800 
180630900 
180631000 
180631100 
180631200 
180631300 
180631400 
180631500 
180631600 
180631700 
180631800 
180631900 
180632000 
180632100 
180632200 
180632300 
180632400 
180632500 
180632600 
180640100 
180640200 
180640300 
180640400 
180640500 
180640600 
180640700 
180640800 
180640900 
180641000 
180641100 
180641200 
180641300 
180641400 
180641500 
180641600 
180641700 
180641800 
180641900 
180642000 
180642100 
180642200 
180642300 
180642400 
180642500 
180642600 
180700100 
180700200 
180700300 
180700400 
180700500 
180700600 
180700700 
180700800 
180700900 
180701000 
180701100 
180701200 
180701300 
180701400 
180701500 
180701600 
180701700 
180701800 
180701900 
180702000 
180702100 
180702200 
180702300 
180702400 
180702500 
180702600 
180710100 
180710200 
180710300 
180710400 
180710500 
180710600 
180710700 
180710800 
180710900 
180711000 
180711100 
180711200 
180711300 
180711400 
180711500 
180711600 
180711700 
180711800 
180711900 
180712000 
180712100 
180712200 
180712300 
180712400 
180712500 
180712600 
180800100 
180800101 
180800200 
180800201 
180800300 
180800301 
180800400 
180800401 
180800500 
180800501 
180800600 
180800601 
180800700 
180800701 
180800800 
180800801 
180800900 
180800901 
180801000 
180801001 
180801100 
180801101 
180801200 
180801201 
180801300 
180801301 
180801400 
180801401 
180801500 
180801501 
180801600 
180801601 
180801700 
180801701 
180801800 
180801801 
180801900 
180801901 
180802000 
180802001 
180802100 
180802101 
180802200 
180802201 
180802300 
180802301 
180802400 
180802401 
180802500 
180802501 
180802600 
180802601 
180810100 
180810101 
180810200 
180810201 
180810300 
180810301 
180810400 
180810401 
180810500 
180810501 
180810600 
180810601 
180810700 
180810701 
180810800 
180810801 
180810900 
180810901 
180811000 
180811001 
180811100 
180811101 
180811200 
180811201 
180811300 
180811301 
180811400 
180811401 
180811500 
180811501 
180811600 
180811601 
180811700 
180811701 
180811800 
180811801 
180811900 
180811901 
180812000 
180812001 
180812100 
180812101 
180812200 
180812201 
180812300 
180812301 
180812400 
180812401 
180812500 
180812501 
180812600 
180812601 
180820100 
180820101 
180820200 
180820201 
180820300 
180820301 
180820400 
180820401 
180820500 
180820501 
180820600 
180820601 
180820700 
180820701 
180820800 
180820801 
180820900 
180820901 
180821000 
180821001 
180821100 
180821101 
180821200 
180821201 
180821300 
180821301 
180821400 
180821401 
180821500 
180821501 
180821600 
180821601 
180821700 
180821701 
180821800 
180821801 
180821900 
180821901 
180822000 
180822001 
180822100 
180822101 
180822200 
180822201 
180822300 
180822301 
180822400 
180822401 
180822500 
180822501 
180822600 
180822601 
180900100 
180900101 
180900200 
180900201 
180900300 
180900301 
180900400 
180900401 
180900500 
180900501 
180900600 
180900601 
180900700 
180900701 
180900800 
180900801 
180900900 
180900901 
180901000 
180901001 
180901100 
180901101 
180901200 
180901201 
180901300 
180901301 
180901400 
180901401 
180901500 
180901501 
180901600 
180901601 
180901700 
180901701 
180901800 
180901801 
180901900 
180901901 
180902000 
180902001 
180902100 
180902101 
180902200 
180902201 
180902300 
180902301 
180902400 
180902401 
180902500 
180902501 
180902600 
180902601 
181000010 
181000100 
181000110 
181000120 
181000130 
181000200 
181000210 
181000220 
181000300 
181000310 
181000311 
181000400 
181000410 
181000500 
181000510 
181000600 
181000610 
181000700 
181000800 
181000900 
181001000 
181001100 
181001200 
181001300 
181001400 
181001500 
181001600 
181001700 
181001800 
181001900 
181002000 
181002100 
181002200 
181002300 
181002400 
181002500 
181002600 
181100100 
181100200 
181100300 
181100400 
181100500 
181100600 
181100700 
181100800 
181100900 
181101000 
181101100 
181101200 
181101300 
181101400 
181101500 
181101600 
181101700 
181101800 
181101900 
181102000 
181102100 
181102200 
181102300 
181102400 
181102500 
181102600 
181200100 
181200200 
181200300 
181200400 
181200500 
181200600 
181200700 
181200800 
181200900 
181201000 
181201100 
181201200 
181201300 
181201400 
181201500 
181201600 
181201700 
181201800 
181201900 
181202000 
181202100 
181202200 
181202300 
181202400 
181202500 
181202600 
181300100 
181300200 
181300300 
181300400 
181300500 
181300600 
181300700 
181300800 
181300900 
181301000 
181301100 
181301200 
181301300 
181301400 
181301500 
181301600 
181301700 
181301800 
181301900 
181302000 
181302100 
181302200 
181302300 
181302400 
181302500 
181302600 
181310100 
181310200 
181310300 
181310400 
181310500 
181310600 
181310700 
181310800 
181310900 
181311000 
181311100 
181311200 
181311300 
181311400 
181311500 
181311600 
181311700 
181311800 
181311900 
181312000 
181312100 
181312200 
181312300 
181312400 
181312500 
181312600 
181320100 
181320200 
181320300 
181320400 
181320500 
181320600 
181320700 
181320800 
181320900 
181321000 
181321100 
181321200 
181321300 
181321400 
181321500 
181321600 
181321700 
181321800 
181321900 
181322000 
181322100 
181322200 
181322300 
181322400 
181322500 
181322600 
181400100 
181400200 
181400300 
181400400 
181400500 
181400600 
181400700 
181400800 
181400900 
181401000 
181401100 
181401200 
181401300 
181401400 
181401500 
181401600 
181401700 
181401800 
181401900 
181402000 
181402100 
181402200 
181402300 
181402400 
181402500 
181402600 
181410100 
181410200 
181410300 
181410400 
181410500 
181410600 
181410700 
181410800 
181410900 
181411000 
181411100 
181411200 
181411300 
181411400 
181411500 
181411600 
181411700 
181411800 
181411900 
181412000 
181412100 
181412200 
181412300 
181412400 
181412500 
181412600 
181500100 
181500101 
181500200 
181500201 
181500300 
181500301 
181500400 
181500401 
181500500 
181500501 
181500600 
181500601 
181500700 
181500701 
181500800 
181500801 
181500900 
181500901 
181501000 
181501001 
181501100 
181501101 
181501200 
181501201 
181501300 
181501301 
181501400 
181501401 
181501500 
181501501 
181501600 
181501601 
181501700 
181501701 
181501800 
181501801 
181501900 
181501901 
181502000 
181502001 
181502100 
181502101 
181502200 
181502201 
181502300 
181502301 
181502400 
181502401 
181502500 
181502501 
181502600 
181502601 
181510100 
181510101 
181510200 
181510201 
181510300 
181510301 
181510400 
181510401 
181510500 
181510501 
181510600 
181510601 
181510700 
181510701 
181510800 
181510801 
181510900 
181510901 
181511000 
181511001 
181511100 
181511101 
181511200 
181511201 
181511300 
181511301 
181511400 
181511401 
181511500 
181511501 
181511600 
181511601 
181511700 
181511701 
181511800 
181511801 
181511900 
181511901 
181512000 
181512001 
181512100 
181512101 
181512200 
181512201 
181512300 
181512301 
181512400 
181512401 
181512500 
181512501 
181512600 
181512601 
181600100 
181600101 
181600200 
181600201 
181600300 
181600301 
181600400 
181600401 
181600500 
181600501 
181600600 
181600601 
181600700 
181600701 
181600800 
181600801 
181600900 
181600901 
181601000 
181601001 
181601100 
181601101 
181601200 
181601201 
181601300 
181601301 
181601400 
181601401 
181601500 
181601501 
181601600 
181601601 
181601700 
181601701 
181601800 
181601801 
181601900 
181601901 
181602000 
181602001 
181602100 
181602101 
181602200 
181602201 
181602300 
181602301 
181602400 
181602401 
181602500 
181602501 
181602600 
181602601 
181610100 
181610101 
181610200 
181610201 
181610300 
181610301 
181610400 
181610401 
181610500 
181610501 
181610600 
181610601 
181610700 
181610701 
181610800 
181610801 
181610900 
181610901 
181611000 
181611001 
181611100 
181611101 
181611200 
181611201 
181611300 
181611301 
181611400 
181611401 
181611500 
181611501 
181611600 
181611601 
181611700 
181611701 
181611800 
181611801 
181611900 
181611901 
181612000 
181612001 
181612100 
181612101 
181612200 
181612201 
181612300 
181612301 
181612400 
181612401 
181612500 
181612501 
181612600 
181612601 
181620100 
181620101 
181620200 
181620201 
181620300 
181620301 
181620400 
181620401 
181620500 
181620501 
181620600 
181620601 
181620700 
181620701 
181620800 
181620801 
181620900 
181620901 
181621000 
181621001 
181621100 
181621101 
181621200 
181621201 
181621300 
181621301 
181621400 
181621401 
181621500 
181621501 
181621600 
181621601 
181621700 
181621701 
181621800 
181621801 
181621900 
181621901 
181622000 
181622001 
181622100 
181622101 
181622200 
181622201 
181622300 
181622301 
181622400 
181622401 
181622500 
181622501 
181622600 
181622601 
181700100 
181700101 
181700102 
181700200 
181700201 
181700202 
181700300 
181700301 
181700302 
181700400 
181700401 
181700402 
181700500 
181700501 
181700502 
181700600 
181700601 
181700602 
181700700 
181700701 
181700702 
181700800 
181700801 
181700802 
181700900 
181700901 
181700902 
181701000 
181701001 
181701002 
181701100 
181701101 
181701102 
181701200 
181701201 
181701202 
181701300 
181701301 
181701302 
181701400 
181701401 
181701402 
181701500 
181701501 
181701502 
181701600 
181701601 
181701602 
181701700 
181701701 
181701702 
181701800 
181701801 
181701802 
181701900 
181701901 
181701902 
181702000 
181702001 
181702002 
181702100 
181702101 
181702102 
181702200 
181702201 
181702202 
181702300 
181702301 
181702302 
181702400 
181702401 
181702402 
181702500 
181702501 
181702502 
181702600 
181702601 
181702602 
181800100 
181800200 
181800300 
181800400 
181800500 
181800600 
181800700 
181800800 
181800900 
181801000 
181801100 
181801200 
181801300 
181801400 
181801500 
181801600 
181801700 
181801800 
181801900 
181802000 
181802100 
181802200 
181802300 
181802400 
181802500 
181802600 
181900100 
181900200 
181900300 
181900400 
181900500 
181900600 
181900700 
181900800 
181900900 
181901000 
181901100 
181901200 
181901300 
181901400 
181901500 
181901600 
181901700 
181901800 
181901900 
181902000 
181902100 
181902200 
181902300 
181902400 
181902500 
181902600 
182000100 
182000200 
182000300 
182000400 
182000500 
182000600 
182000700 
182000800 
182000900 
182001000 
182001100 
182001200 
182001300 
182001400 
182001500 
182001600 
182001700 
182001800 
182001900 
182002000 
182002100 
182002200 
182002300 
182002400 
182002500 
182002600 
183000100 
183000200 
183000300 
183000400 
183000500 
183000600 
183000700 
183000800 
183000900 
183001000 
183001100 
183001200 
183001300 
183001400 
183001500 
183001600 
183001700 
183001800 
183001900 
183002000 
183002100 
183002200 
183002300 
183002400 
183002500 
183002600 
184000100 
184000200 
184000300 
184000400 
184000500 
184000600 
184000700 
184000800 
184000900 
184001000 
184001100 
184001200 
184001300 
184001400 
184001500 
184001600 
184001700 
184001800 
184001900 
184002000 
184002100 
184002200 
184002300 
184002400 
184002500 
184002600 
184100100 
184100200 
184100300 
184100400 
184100500 
184100600 
184100700 
184100800 
184100900 
184101000 
184101100 
184101200 
184101300 
184101400 
184101500 
184101600 
184101700 
184101800 
184101900 
184102000 
184102100 
184102200 
184102300 
184102400 
184102500 
184102600 
185000100 
185000200 
185000300 
185000400 
185000500 
185000600 
185000700 
185000800 
185000900 
185001000 
185001100 
185001200 
185001300 
185001400 
185001500 
185001600 
185001700 
185001800 
185001900 
185002000 
185002100 
185002200 
185002300 
185002400 
185002500 
185002600 
185100100 
185100200 
185100300 
185100400 
185100500 
185100600 
185100700 
185100800 
185100900 
185101000 
185101100 
185101200 
185101300 
185101400 
185101500 
185101600 
185101700 
185101800 
185101900 
185102000 
185102100 
185102200 
185102300 
185102400 
185102500 
185102600 
185250100 
185250200 
185250300 
185250301 
185250302 
185250400 
185250401 
185250402 
185250500 
185250600 
185250700 
185250800 
185250900 
185251000 
185251100 
185251200 
185251300 
185251301 
185251302 
185251400 
185251401 
185251402 
185251500 
185251600 
185251700 
185251800 
185251900 
185252000 
185252100 
185252200 
185252300 
185252400 
185252500 
185252600 
185300100 
185300200 
185300300 
185300400 
185300500 
185300600 
185300700 
185300800 
185300900 
185301000 
185301100 
185400100 
185400101 
185400200 
185400201 
185400300 
185400301 
185400400 
185400401 
185400500 
185400501 
185400600 
185400601 
185400700 
185400800 
185400900 
185401000 
185401100 
185401200 
185401201 
185401300 
185401301 
185401400 
185401401 
185401500 
185401501 
185401600 
185401601 
185401700 
185401800 
185401900 
185402000 
185402100 
185402200 
185402300 
185402400 
185402500 
185402600 
185500100 
185500200 
185500300 
185500301 
185500400 
185500500 
185500600 
185500700 
185500800 
185500900 
185501000 
185501100 
185501200 
185501300 
185501400 
185501500 
185501510 
185501600 
185501610 
185501700 
185501710 
185501800 
185501810 
185501900 
185502000 
185502100 
185502200 
185502300 
185502400 
185502500 
185502600 
185600100 
185600200 
185600300 
185600400 
185600500 
185600600 
185600700 
185600800 
185600900 
185601000 
185601100 
185601200 
185601300 
185601400 
185601500 
185601600 
185601700 
185601800 
185601900 
185602000 
185602100 
185602200 
185602300 
185602400 
185602500 
185700100 
185700200 
185700300 
185700400 
185700500 
185700600 
185700700 
185700800 
185700900 
185701000 
185701100 
185701200 
185701300 
185701400 
185701500 
185701600 
185701700 
185701800 
185701900 
185702000 
185702100 
185702200 
185702300 
185702400 
185702500 
185800100 
185800200 
185800300 
185800400 
185800500 
185800600 
185800700 
185800800 
185800900 
185801000 
185801100 
185801200 
185801300 
185801400 
185801500 
185801600 
185801700 
185801800 
185801900 
185802000 
185802100 
185802200 
185802300 
185900100 
185900200 
185900300 
185900400 
185900500 
185900600 
185900700 
185900800 
185900900 
185901000 
185901100 
185901200 
185901300 
185901400 
185901500 
185901600 
185901700 
185901800 
185901900 
185902000 
185902010 
185902100 
185902110 
185902200 
185902210 
185902300 
185902400 
185902500 
185902600 
185905000 
185905001 
185906000 
185906001 
185907000 
185907001 
185908000 
185908001 
186000100 
186000200 
186000300 
186000400 
186000500 
186000600 
186000700 
186000800 
186000900 
186001000 
186001100 
186001200 
186001300 
186001400 
186001500 
186001600 
186001700 
186001800 
186001900 
186002000 
186002100 
186002200 
186002300 
186002400 
186002500 
186002600 
186100100 
186100200 
186100300 
186100400 
186100500 
186100501 
186100600 
186100700 
186100800 
186100900 
186101000 
186101100 
186101200 
186101300 
186101400 
186101500 
186101600 
186101700 
186101710 
186101800 
186101810 
186101900 
186101910 
186102000 
186102100 
186102200 
186102300 
186102400 
186105000 
186105001 
186105015 
186105016 
186106000 
186106001 
186107000 
186107001 
186200100 
186200200 
186200300 
186200400 
186200500 
186200600 
186200700 
186200800 
186200900 
186201000 
186201100 
186201200 
186201300 
186201400 
186201500 
186201600 
186201700 
186201800 
186201900 
186201901 
186202000 
186202100 
186202101 
186202102 
186202200 
186202201 
186202300 
186202400 
186202500 
186202600 
186300100 
186300200 
186300300 
186300301 
186300305 
186300400 
186300401 
186300405 
186300500 
186300501 
186300505 
186300600 
186300601 
186300700 
186300800 
186300900 
186301000 
186301100 
186301200 
186301300 
186301301 
186301305 
186301400 
186301401 
186301500 
186301600 
186301700 
186301800 
186301900 
186301910 
186302000 
186302005 
186302006 
186302010 
186302100 
186302105 
186302110 
186302120 
186302130 
186302200 
186302300 
186302400 
186302500 
186302600 
186302601 
186400100 
186400200 
186400300 
186400400 
186400500 
186400600 
186400601 
186400602 
186400700 
186400800 
186400900 
186401000 
186401100 
186401200 
186401201 
186401300 
186401400 
186401500 
186401501 
186401502 
186401600 
186401601 
186401602 
186401700 
186401800 
186401900 
186402000 
186402100 
186402200 
186402300 
186402400 
186402500 
186500100 
186500200 
186500300 
186500400 
186500500 
186500600 
186500700 
186500800 
186500900 
186501000 
186501100 
186501200 
186501300 
186501400 
186501500 
186501600 
186501700 
186501800 
186501900 
186502000 
186502100 
186502200 
186502300 
186502400 
186502500 
186502600 
186502700 
186502800 
186600100 
186600200 
186600300 
186600400 
186600500 
186600600 
186600700 
186600800 
186600900 
186601000 
186601100 
186601200 
186601201 
186601300 
186601400 
186601500 
186601600 
186601700 
186601710 
186601800 
186601810 
186601900 
186601910 
186602000 
186602100 
186602200 
186602300 
186602400 
186603010 
186603011 
186603015 
186603016 
186603020 
186603021 
186603040 
186603041 
186603042 
186603043 
190000010 
190000011 
190000020 
190000021 
190100010 
190100020 
190100030 
190100040 
190100050 
190100060 
190100070 
190100080 
190100090 
190100100 
190100110 
190100120 
190100130 
190100140 
190100150 
190100160 
190100170 
190100175 
190100176 
190100180 
190100190 
190100200 
190100210 
190100215 
190100216 
191010000 
191020000 
191030000 
191040000 
191050000 
191050010 
191060000 
191060010 
191090000 
191090010 
191100000 
191100010 
191140000 
191140010 
191140020 
191150000 
191150010 
191270000 
191270001 
191300000 
191300010 
191300020 
191310000 
191310001 
191310002 
191310003 
191310010 
191310011 
191310012 
191310013 
191310014 
191310020 
191310021 
191310022 
191310023 
191310024 
191310030 
191310031 
191310032 
191310033 
191310034 
191310040 
191310041 
191310042 
191310043 
191310044 
192010000 
192010001 
192020000 
192020001 
192030000 
192030001 
192040000 
192040001 
192050000 
192050001 
192060000 
192060001 
192070000 
192070001 
192080000 
192080001 
192090000 
192090001 
192100000 
192100001 
192110000 
192110001 
192120000 
192120010 
192130000 
192130001 
192130010 
192130020 
192130021 
192130030 
192130031 
192140000 
192140010 
192140020 
192140021 
192140030 
192140031 
192150000 
192150010 
192150020 
192150021 
192150030 
192150031 
192160000 
192160010 
192160020 
192160021 
192160030 
192160031 
192170000 
192170010 
192180000 
192180001 
192180010 
192180020 
192180021 
192180030 
192180031 
192190000 
192190001 
192200000 
192200001 
192210000 
192220000 
192220001 
192230000 
192230001 
192230010 
192230011 
192240000 
192250000 
192250001 
192260000 
192261000 
192310000 
192310001 
192310002 
192310003 
192310004 
192310005 
192310006 
192310007 
192310008 
192310009 
192310010 
192310011 
192310020 
192310021 
192310040 
192310041 
192310042 
192310050 
192310051 
192310060 
192310061 
193010000 
193010001 
193020000 
193020001 
193030000 
193030001 
193040000 
193040001 
193040002 
193040020 
193040021 
193050000 
193050001 
193050002 
193050010 
193050011 
193050020 
193050021 
193050030 
193050031 
193050040 
193060000 
193060001 
193060002 
193060010 
193060011 
193060020 
193060021 
193060030 
193060031 
193060040 
193070000 
193070001 
193070002 
193070010 
193070011 
193070020 
193070021 
193070030 
193070031 
193070040 
193070050 
193080000 
193090000 
193090010 
193130000 
193130010 
193140000 
193140001 
193140010 
193140011 
193150000 
193150001 
193150010 
193150011 
193160000 
193160001 
193160002 
193160010 
193160020 
193160021 
194010000 
194020000 
194020001 
195010000 
195010001 
195010002 
195010011 
195010012 
195010020 
195010021 
195010030 
195010031 
195010040 
195010050 
195030000 
195030001 
195030002 
195030003 
195030004 
195310000 
195310010 
195310020 
195310021 
195310030 
195310040 
