0 
1 
2 
3 
4 
5 
6 
7 
8 
9 
10 
11 
12 
13 
14 
15 
16 
17 
18 
19 
20 
21 
22 
23 
24 
25 
26 
27 
28 
29 
30 
31 
32 
33 
34 
35 
36 
37 
38 
39 
40 
41 
42 
43 
44 
45 
46 
47 
48 
49 
50 
51 
52 
53 
54 
61 
62 
63 
64 
65 
66 
67 
68 
69 
70 
100 
105 
106 
110 
111 
112 
113 
114 
115 
116 
500 
501 
510 
511 
520 
521 
530 
531 
600 
601 
610 
611 
620 
621 
630 
631 
1000 
1010 
1020 
1030 
1100 
1110 
1120 
1130 
1200 
1210 
1220 
1230 
1300 
1310 
1320 
1330 
1400 
1410 
1420 
1430 
1500 
1510 
1520 
1530 
1600 
1610 
1620 
1630 
2000 
2010 
2100 
2110 
