10 
9400 
100000 
101000 
102000 
102100 
102130 
103000 
103100 
105000 
106000 
107000 
108000 
113000 
115000 
117000 
118000 
118001 
119000 
121000 
123000 
124000 
125000 
125010 
127000 
127001 
127010 
127011 
129000 
129010 
131000 
132000 
133000 
134000 
135000 
137000 
138000 
139000 
141000 
146000 
147000 
148000 
149000 
150000 
151000 
152000 
153000 
154000 
155000 
156000 
157000 
201100 
202000 
203000 
204000 
205000 
206000 
209000 
210000 
212000 
213000 
214000 
216000 
217000 
220000 
222000 
223000 
223500 
224000 
225000 
226000 
226001 
226100 
227000 
227010 
300000 
301000 
302000 
303300 
303310 
304000 
305000 
305001 
306000 
306001 
307000 
307100 
307110 
308000 
309000 
309600 
309700 
311000 
312000 
313000 
314000 
315000 
316000 
317000 
318000 
319000 
319001 
321000 
321010 
324000 
325000 
326000 
327000 
330000 
331000 
332000 
333000 
334000 
337000 
500000 
500010 
501000 
502000 
502001 
502002 
503000 
504000 
506100 
506200 
506500 
509000 
511000 
512000 
514600 
600000 
601000 
601001 
602000 
603000 
603100 
607000 
608000 
611000 
611001 
611010 
619100 
619110 
625000 
626000 
627000 
650000 
651000 
653000 
654000 
656000 
657000 
658000 
659000 
660000 
661000 
662000 
663000 
663010 
665000 
666000 
670000 
671000 
672000 
674000 
675000 
677000 
678000 
679000 
680000 
681000 
681001 
682000 
683000 
684000 
685000 
686000 
687000 
688000 
689000 
690000 
692000 
700000 
701000 
703600 
704500 
705000 
721100 
723000 
724000 
725000 
726000 
730000 
731000 
742000 
743000 
744000 
751000 
752000 
753000 
754000 
755000 
760000 
760200 
761000 
762000 
763000 
764000 
766000 
768000 
769000 
770000 
771000 
772000 
776000 
777000 
783000 
784000 
785000 
786000 
800000 
800001 
800002 
800003 
801000 
812000 
