1 
1000 
1001 
1002 
1010 
2910 
3000 
3060 
3061 
6010 
6060 
8100 
9000 
9010 
9020 
9030 
9061 
9062 
9100 
9101 
9111 
9112 
9113 
9120 
9140 
9150 
9160 
9170 
9200 
9300 
9333 
9334 
9400 
9500 
9501 
9502 
9503 
9504 
9601 
9602 
9603 
9604 
9605 
9606 
9607 
9608 
9609 
9610 
9611 
9612 
9613 
9700 
9701 
9702 
9703 
9704 
9705 
9706 
9707 
9900 
100000 
100008 
100009 
100010 
100020 
101000 
101001 
102000 
102010 
102011 
102020 
102030 
102040 
102050 
102100 
102110 
102130 
102140 
102150 
103000 
103001 
103002 
103010 
103011 
103012 
103019 
103020 
103021 
103022 
103030 
103031 
103032 
103040 
103041 
103050 
103051 
103100 
103110 
103111 
103120 
103121 
103130 
103131 
105000 
105010 
106000 
106001 
106009 
106010 
106020 
106021 
106030 
106200 
106210 
107000 
107001 
108000 
108001 
108010 
108011 
108020 
108021 
113000 
113001 
113010 
113011 
113020 
113021 
115000 
115001 
115002 
115003 
115004 
115005 
115006 
115010 
115011 
115012 
115013 
115014 
115015 
115019 
117000 
117010 
118000 
118001 
118100 
118110 
118111 
118112 
118200 
118201 
119000 
121000 
121001 
121010 
121020 
121030 
122000 
122010 
122020 
122030 
122100 
122110 
122120 
122130 
123000 
123002 
123010 
123020 
123022 
123030 
124000 
124010 
124020 
124030 
124040 
124050 
124060 
124070 
124100 
124101 
124110 
124111 
124120 
124121 
124130 
124131 
124140 
124141 
124150 
124151 
124160 
124161 
124170 
124171 
125001 
125004 
125009 
125010 
125011 
125012 
125013 
125014 
125015 
125016 
125017 
127000 
127001 
127002 
127003 
127004 
127005 
127010 
127011 
127020 
127030 
129000 
129010 
129020 
129030 
129040 
129050 
129100 
129110 
129120 
129130 
129140 
129150 
131000 
131010 
131020 
132000 
132001 
132002 
132003 
132010 
132011 
132012 
132013 
132020 
132021 
132022 
132023 
132030 
132031 
132032 
132090 
133000 
133001 
133010 
133020 
134000 
135000 
135010 
135020 
135030 
135040 
135050 
136000 
136001 
136020 
137000 
137010 
137020 
137021 
137022 
138000 
138001 
138010 
138011 
139000 
139001 
139008 
139009 
139010 
140000 
141000 
141002 
146000 
146001 
146010 
146011 
146020 
147000 
147001 
147002 
147003 
147004 
148000 
148001 
148010 
148011 
148020 
148021 
148030 
148031 
148040 
148041 
149000 
149010 
150000 
151000 
151009 
151200 
151208 
151209 
151210 
152000 
152001 
152002 
152010 
152011 
153000 
153002 
153003 
153010 
153012 
153013 
154000 
154010 
154020 
155000 
156000 
156001 
156010 
156011 
156020 
156021 
156030 
156031 
157000 
157001 
157002 
157003 
157004 
157005 
157006 
157007 
157010 
157011 
157012 
157013 
157014 
157015 
157016 
157017 
157020 
157021 
157022 
157023 
157024 
157025 
157026 
157027 
157030 
157031 
157032 
157033 
157034 
157035 
157036 
157037 
157050 
157051 
157052 
157053 
157054 
157055 
157056 
157057 
157058 
157060 
157061 
157062 
157063 
157064 
157065 
157066 
157067 
157068 
157070 
157071 
157072 
157073 
157074 
157075 
157076 
157077 
157080 
157081 
157082 
157083 
157084 
157085 
157086 
157087 
201000 
201010 
201100 
202000 
202100 
203000 
203001 
203002 
203009 
204000 
205000 
205001 
205009 
205100 
205102 
206000 
206100 
209000 
209002 
209100 
209200 
210000 
210001 
210002 
210003 
210010 
210100 
210200 
212000 
212001 
212002 
212003 
213000 
213001 
213002 
213003 
213004 
213005 
213006 
213007 
213008 
213009 
213010 
213100 
213101 
214000 
214100 
216000 
216001 
216002 
216003 
216004 
217000 
218000 
218100 
218200 
218201 
219000 
220000 
220002 
222000 
222001 
223000 
223100 
223200 
223300 
224000 
225000 
226000 
226001 
226100 
226200 
226201 
226202 
227000 
227001 
227009 
300000 
300001 
300002 
300100 
301000 
301001 
301003 
301010 
301011 
301020 
301030 
301031 
302000 
302001 
302009 
302010 
302011 
302020 
302021 
302100 
302110 
302120 
303300 
303301 
304000 
304010 
305000 
305001 
305010 
306000 
306001 
306007 
306008 
306009 
306010 
306011 
307000 
307001 
307100 
307101 
307107 
307108 
307109 
307110 
308000 
308100 
309000 
309001 
309600 
309601 
309700 
311000 
312000 
312001 
312010 
312011 
312020 
312021 
312030 
312031 
312032 
312040 
312050 
313000 
313010 
313020 
313021 
313030 
313031 
314000 
315000 
316000 
316001 
317000 
318000 
318010 
318020 
318030 
318040 
319000 
319008 
319009 
319010 
319011 
321000 
321001 
321002 
321003 
321004 
321010 
321011 
321012 
324000 
325000 
325010 
326000 
326010 
327000 
330000 
330010 
330019 
330020 
330030 
330040 
330049 
331000 
331002 
331010 
331011 
331020 
331021 
331030 
331031 
331040 
331041 
332000 
332010 
333000 
334000 
337000 
337001 
337002 
337003 
337010 
337011 
337020 
337022 
337023 
500000 
501000 
502000 
502001 
502009 
503000 
503010 
504000 
506100 
506101 
506200 
506500 
506501 
506509 
507000 
508000 
509000 
509009 
511000 
512000 
513000 
514000 
514500 
514600 
600000 
601000 
601020 
602000 
602020 
603000 
603100 
607000 
608000 
609000 
609010 
609100 
611000 
611010 
611500 
611510 
619100 
619110 
621000 
622000 
623000 
624000 
624500 
625000 
626000 
627000 
628000 
650000 
651000 
653000 
653010 
653020 
653030 
654000 
656000 
657000 
659000 
660000 
661000 
662000 
663000 
663010 
665000 
665001 
665010 
665011 
666000 
666010 
666020 
666030 
666040 
666050 
666060 
666070 
666080 
670000 
671000 
671100 
672000 
674000 
675000 
677000 
677010 
678000 
679000 
680000 
681000 
682000 
683000 
685000 
686000 
687000 
688000 
688010 
688020 
688030 
689000 
689010 
689020 
689030 
690000 
692000 
694000 
700000 
700500 
700501 
700502 
700503 
701000 
701500 
702000 
703000 
703500 
703600 
704000 
704500 
704501 
704510 
705000 
705100 
705300 
705500 
705501 
705600 
705601 
705800 
705801 
721000 
721100 
722000 
723000 
723001 
723010 
724000 
724001 
724002 
725000 
726000 
726001 
726002 
726003 
726004 
726005 
726006 
730000 
730001 
730010 
730020 
731000 
731010 
731011 
731020 
732000 
733000 
740000 
741000 
741001 
742000 
742001 
742002 
742003 
742010 
743000 
743001 
743002 
743003 
743004 
743007 
743008 
743009 
744000 
744001 
744002 
744003 
744009 
746000 
751000 
751001 
752000 
752001 
752002 
752003 
752004 
752005 
752006 
752007 
752008 
752009 
753000 
753001 
753002 
753003 
753004 
753008 
753009 
754000 
754001 
755000 
755010 
755020 
760000 
760001 
760100 
760101 
760200 
760201 
760300 
760400 
761000 
761001 
761010 
762000 
762001 
763000 
763001 
763010 
764000 
764001 
764010 
764300 
764309 
764310 
765000 
766000 
766001 
766010 
767000 
768000 
768001 
769000 
769001 
770000 
770001 
770010 
771000 
771001 
771004 
771005 
771006 
771007 
771009 
772000 
772001 
776000 
776001 
776002 
777000 
778000 
780000 
783000 
783001 
783100 
784000 
784001 
785000 
785001 
785010 
786000 
787000 
800000 
800100 
800300 
810000 
810001 
810002 
810003 
810005 
811000 
812000 
812001 
813000 
814000 
814008 
814009 
820000 
821000 
821001 
822000 
822001 
822002 
822003 
823000 
824000 
831000 
831100 
832000 
832100 
832200 
832300 
832400 
832500 
832600 
832700 
833000 
834000 
834100 
835000 
835001 
835100 
835200 
836000 
836100 
836200 
836300 
836400 
837000 
837100 
837200 
837400 
838000 
838100 
840000 
841000 
842000 
843000 
844000 
845000 
846000 
847000 
847100 
848000 
848100 
849000 
849100 
849200 
850000 
851000 
852000 
853000 
853100 
853200 
853300 
853400 
853500 
854000 
860000 
861000 
862000 
862001 
863000 
864000 
865000 
865001 
866000 
867000 
867001 
867100 
868000 
869000 
870000 
871000 
871100 
872000 
873000 
874000 
875000 
876000 
877000 
878000 
879000 
880000 
881000 
882000 
884000 
884001 
885000 
885100 
886000 
887000 
888000 
891000 
891500 
892000 
892500 
893000 
896000 
896500 
897000 
897500 
898000 
