0 
9800 
9801 
9802 
9803 
9916 
9917 
9918 
9919 
9920 
9921 
9922 
9923 
9926 
9927 
9930 
9932 
9933 
9934 
9935 
9936 
9939 
9940 
9941 
9942 
9943 
9950 
9951 
9952 
9953 
199180 
199181 
199182 
199183 
11001100 
11001101 
11001102 
11001103 
11010100 
11010101 
11010102 
11010103 
11020100 
11020101 
11020102 
11020103 
11030100 
11030101 
11030102 
11030103 
11040100 
11040101 
11040102 
11040103 
11041100 
11050100 
11050101 
11050102 
11050103 
11060100 
11060101 
11060102 
11060103 
11070100 
11070101 
11070102 
11070103 
11080100 
11080101 
11080102 
11080103 
11090100 
11090101 
11090102 
11090103 
11100100 
11100101 
11100102 
11100103 
11110100 
11110101 
11110102 
11110103 
11120100 
11120101 
11120102 
11120103 
11130100 
11130101 
11130102 
11130103 
11140100 
11140101 
11140102 
11140103 
11150100 
11150101 
11150102 
11150103 
11160100 
11160101 
11160102 
11160103 
11170100 
11170101 
11170102 
11170103 
11180100 
11180101 
11180102 
11180103 
11190100 
11190101 
11190102 
11190103 
11210100 
11210101 
11210102 
11210103 
11220100 
11220101 
11220102 
11220103 
11230100 
11230101 
11230102 
11230103 
11240100 
11240101 
11240102 
11240103 
11250100 
11250101 
11250102 
11250103 
11270100 
11270101 
11270102 
11270103 
11280100 
11280101 
11280102 
11280103 
11290100 
11290101 
11290102 
11290103 
11300100 
11300101 
11300102 
11300103 
11310100 
11310101 
11310102 
11310103 
11320100 
11320101 
11320102 
11320103 
11330100 
11330101 
11330102 
11330103 
11340100 
11340101 
11340102 
11340103 
11350100 
11350101 
11350102 
11350103 
11360100 
11360101 
11360102 
11360103 
11361100 
11361101 
11361102 
11361103 
11370100 
11370101 
11370102 
11370103 
11380100 
11380101 
11380102 
11380103 
11390100 
11390101 
11390102 
11390103 
11430100 
11440102 
11450101 
11460103 
11470100 
11470101 
11470102 
11470103 
11480100 
11480101 
11480102 
11480103 
11490100 
11490101 
11490102 
11490103 
11500100 
11500101 
11500102 
11500103 
11501100 
11502100 
11600100 
11600101 
11600102 
11600103 
11610100 
11610101 
11610102 
11610103 
11630100 
11640100 
11650100 
11660100 
11670100 
11680100 
11690103 
11700100 
11710100 
12020100 
12020101 
12020102 
12020103 
12021100 
12021101 
12021102 
12021103 
12030100 
12030101 
12030102 
12030103 
12031100 
12031101 
12031102 
12031103 
12060100 
12060101 
12060102 
12060103 
12062100 
12062101 
12062102 
12062103 
12080100 
12080101 
12080102 
12080103 
12110100 
12110101 
12110102 
12110103 
12130100 
12130101 
12130102 
12130103 
12180100 
12180101 
12180102 
12180103 
12181100 
12181101 
12181102 
12181103 
12182100 
12182101 
12182102 
12182103 
12190101 
12190102 
12190103 
12220100 
12220101 
12220102 
12220103 
12221100 
12230100 
12230101 
12230102 
12230103 
12240100 
12240101 
12240102 
12240103 
12270100 
12270101 
12270102 
12270103 
12271100 
12271101 
12310100 
12310101 
12310102 
12310103 
12340100 
12340101 
12340102 
12340103 
12350100 
12350101 
12350102 
12350103 
12351100 
12360100 
12360101 
12360102 
12360103 
12370100 
12460100 
12460101 
12460102 
12460103 
12480100 
12480101 
12480102 
12480103 
12510100 
12510101 
12510102 
12510103 
12512100 
12512101 
12512102 
12512103 
12520100 
12520101 
12520102 
12520103 
12530100 
12530101 
12530102 
12530103 
12540100 
12540101 
12540102 
12540103 
13010100 
13010101 
13010102 
13010103 
13011100 
13040101 
13050100 
13050101 
13050102 
13050103 
13060100 
13060101 
13060102 
13060103 
13061100 
13061101 
13061102 
13061103 
13070100 
13070101 
13070102 
13070103 
13080101 
13080102 
13080103 
13081100 
13081101 
13081103 
13120100 
13120101 
13120102 
13120103 
13130100 
13130101 
13130102 
13130103 
13140100 
13140101 
13140102 
13140103 
13150100 
13150101 
13150102 
13150103 
13160100 
13160101 
13160102 
13160103 
13170100 
13170101 
13170102 
13170103 
13171100 
13250100 
13250101 
13250102 
13250103 
13300100 
13300101 
13300102 
13300103 
13310100 
13310101 
13310102 
13310103 
13320100 
13320101 
13320102 
13320103 
13330100 
13330101 
13330102 
13330103 
13340100 
13340101 
13340102 
13340103 
15040100 
15040101 
15040102 
15040103 
15060101 
15060102 
15060103 
15090100 
15090101 
15100100 
15100101 
15100102 
15100103 
15110100 
15110101 
15110102 
15110103 
15120100 
15120101 
15120102 
15120103 
15130100 
15130101 
15130102 
15130103 
16100100 
16100101 
16100102 
16100103 
16180100 
16180101 
16180102 
16180103 
16260100 
16260101 
16260102 
16260103 
16510100 
16510101 
16510102 
16510103 
16590100 
16590101 
16590102 
16590103 
16650100 
16650101 
16650102 
16650103 
16660102 
16700100 
16750100 
16750101 
16750102 
16750103 
16770101 
16800100 
16800101 
16800102 
16800103 
16880100 
16880101 
16880102 
16880103 
16890100 
16890101 
16890102 
16890103 
16900100 
16900101 
16900102 
16900103 
16940100 
16940101 
16940102 
16940103 
17210101 
17210102 
17210103 
17240100 
17240101 
17240102 
17240103 
17420100 
17420101 
17420102 
17420103 
17430100 
17430101 
17430102 
17430103 
17440100 
17440101 
17440102 
17440103 
17510100 
17510101 
17510103 
17520100 
17520101 
17520102 
17520103 
17521100 
17530100 
17530101 
17530102 
17530103 
17550100 
17550101 
17550102 
17550103 
17630101 
17680100 
17680101 
17680102 
17680103 
17690100 
17690101 
17690102 
17690103 
17700100 
17700101 
17700102 
17700103 
17710100 
17710101 
17710102 
17710103 
17830100 
17830101 
17950100 
17950101 
17950102 
17950103 
19000101 
19010101 
19020101 
19030101 
