1000 
2000 
2010 
2020 
2040 
2050 
3000 
3010 
4000 
4010 
4020 
4021 
4022 
4023 
4024 
4025 
5000 
6000 
7000 
8000 
8002 
9000 
9010 
10000 
11010 
12000 
13000 
14000 
14010 
15000 
15010 
15020 
15030 
15040 
15050 
16000 
17000 
17010 
17020 
20020 
21000 
22000 
23000 
23010 
23020 
24000 
25000 
25010 
80000 
80010 
81000 
82000 
90000 
111230 
111231 
111232 
111233 
111234 
111235 
111246 
111247 
111250 
111251 
111252 
111253 
111254 
111255 
111256 
111260 
111330 
111331 
111332 
111333 
111334 
111335 
111435 
111450 
111451 
111452 
111453 
111454 
111480 
111481 
111482 
111483 
111484 
118100 
118110 
118120 
118210 
3000000 
4000000 
4001000 
4002000 
4003000 
4010000 
4010010 
4010020 
4010030 
4010040 
4010050 
4010060 
4010080 
4011000 
4011010 
4011020 
4011030 
4011500 
4011510 
4011520 
4011530 
4012000 
4012010 
4013000 
4013010 
4013020 
4013030 
4031000 
4100000 
