2000 
2010 
2020 
2030 
3000 
3010 
3020 
3030 
4000 
4010 
4020 
4030 
6000 
6020 
6030 
7000 
8000 
8010 
8060 
9000 
10000 
10010 
11000 
12000 
12010 
13000 
13010 
13020 
13030 
13050 
13060 
13070 
20000 
20010 
20020 
20030 
20040 
20050 
20060 
20070 
21000 
21010 
21020 
21030 
21040 
21050 
21060 
22000 
23000 
25000 
25010 
26000 
27000 
28000 
28010 
28050 
28060 
28070 
28080 
28090 
28100 
28110 
29000 
29010 
29050 
29060 
29070 
29080 
29090 
29100 
29110 
30000 
30010 
30020 
30030 
30040 
33000 
34000 
34010 
34020 
34030 
34050 
35010 
35020 
35030 
35040 
36000 
40000 
51000 
52000 
53000 
55000 
55010 
55020 
80000 
81000 
83000 
84000 
85000 
86000 
87000 
89000 
89010 
110000 
110001 
110002 
110003 
110004 
110005 
110006 
110010 
110011 
1116820 
4000000 
4000010 
