1001 
1002 
1003 
1004 
1005 
1006 
2001 
2002 
2003 
2004 
2005 
2006 
2007 
2008 
2009 
2010 
2011 
2012 
2013 
30000 
30010 
30020 
30030 
30040 
30050 
30060 
30070 
30080 
31000 
31010 
31020 
31030 
40000 
45000 
45010 
45020 
45030 
45040 
45050 
45060 
45070 
45080 
50000 
50001 
50002 
50003 
50004 
50100 
50101 
50102 
50103 
50104 
50105 
50106 
50107 
50108 
50200 
50201 
50202 
50203 
50204 
50205 
50206 
50207 
50208 
50209 
50210 
50211 
50212 
50213 
101500 
101501 
200000 
300000 
300010 
300020 
400000 
400010 
403000 
405000 
502000 
600000 
601000 
602000 
603000 
604000 
700000 
800000 
900000 
900001 
900010 
900011 
1000000 
1001000 
1002000 
1100000 
1100001 
1300000 
1600000 
1700000 
1800000 
1801000 
2100000 
2400000 
6005020 
6006020 
10000000 
10001000 
50000000 
50000001 
50000002 
50000003 
50000004 
50000005 
50000006 
50000007 
50001000 
50002000 
50003000 
50004000 
50005000 
50006000 
50007000 
52000000 
52000001 
52000002 
52000030 
52000031 
52000032 
52000100 
52000101 
52000102 
52000103 
52000104 
52000105 
52000106 
52001000 
