10 
1200 
1400 
1410 
1411 
1700 
1710 
1720 
1730 
3010 
3020 
3100 
4000 
4010 
4020 
5000 
6000 
7000 
7010 
7020 
7030 
8000 
8010 
8020 
8030 
9000 
9010 
10000 
11000 
12000 
12010 
12020 
12030 
12040 
12500 
12510 
12520 
12530 
13000 
13010 
13020 
13500 
13510 
13520 
13530 
15000 
15010 
15020 
18000 
19000 
20000 
21000 
70000 
70010 
70020 
80000 
81000 
82000 
83000 
111230 
111231 
111232 
111233 
111234 
111420 
111421 
111422 
111423 
111470 
111471 
111472 
111473 
118100 
118110 
118210 
120020 
4000000 
4000010 
4030000 
4031000 
4031010 
