1000 
1010 
2000 
3000 
4000 
4010 
4020 
4030 
4050 
5000 
5010 
5020 
6000 
6030 
6040 
7000 
8000 
9000 
9010 
10000 
10010 
10020 
11000 
11010 
12000 
12010 
13000 
14000 
15000 
15010 
16000 
17000 
18000 
18010 
20000 
21000 
21010 
22000 
23000 
23010 
23020 
24000 
80000 
81000 
111270 
111271 
111272 
111273 
111274 
111276 
111430 
111431 
111432 
111433 
111435 
118100 
118210 
120130 
4000000 
4001000 
4002000 
4002010 
4002020 
4002030 
4003000 
4004000 
4005000 
4005010 
4005020 
4006000 
4006010 
4006020 
4007000 
4007010 
4007100 
4007200 
4007300 
4030000 
4030010 
4030020 
4031000 
