1001 
1002 
1003 
1004 
1005 
1006 
1007 
1008 
1009 
1010 
1011 
1012 
1013 
1014 
1015 
1016 
1017 
1018 
1019 
1020 
1021 
1022 
1023 
40000 
40010 
45000 
45010 
45020 
45030 
45040 
100000 
101800 
101801 
300000 
300001 
300002 
300003 
300004 
300005 
300006 
300007 
300008 
300009 
300010 
300011 
300013 
300014 
400005 
600000 
700000 
800000 
801000 
802000 
900000 
1100000 
1200000 
1201000 
1500000 
1800000 
1900000 
1900001 
1900002 
1900003 
2000000 
6000000 
6001000 
50000000 
50000001 
50000002 
50000005 
50000010 
50000011 
50000020 
50000100 
50000110 
50000111 
50000200 
50000201 
50000202 
50000210 
50000220 
50000230 
50000300 
50000400 
50000410 
50000500 
50000505 
50000506 
50000510 
50000515 
50000516 
50000520 
50000525 
50000530 
50000535 
50000536 
50000600 
50004000 
52000100 
52000400 
52000410 
52000420 
52000500 
52000600 
52000601 
52000602 
52000603 
52000610 
52000611 
53000100 
53000200 
53000300 
53000350 
53000400 
53000500 
53000600 
54000100 
54000101 
54000200 
54000300 
54000301 
54000400 
90000000 
