1000 
1002 
1005 
1006 
1008 
1009 
1010 
1011 
1012 
1100 
1101 
1102 
1103 
1104 
1105 
1106 
1107 
1108 
1109 
1200 
1201 
1300 
1301 
1302 
6000 
7000 
7010 
7020 
8000 
9000 
9010 
9020 
10000 
10010 
11000 
11010 
11020 
80000 
81000 
111015 
111050 
111051 
111052 
111435 
111570 
118140 
118141 
118230 
118231 
118232 
4000000 
4001000 
4002000 
4003000 
4004000 
4004010 
4004020 
4005000 
4005010 
4005020 
4005030 
4005040 
4006000 
4006010 
4007000 
4007010 
4007020 
4007030 
4007040 
4007060 
4007070 
4007080 
4007090 
4007100 
4007110 
4007120 
4007130 
4007160 
4007170 
4007180 
4007190 
4007200 
4007210 
4007220 
4011020 
4011021 
4011022 
4011120 
4011121 
4011122 
4011123 
4011124 
4011125 
4011303 
4011304 
4031000 
4100000 
