1001 
1002 
1003 
1004 
1005 
1006 
1007 
1008 
1009 
2001 
2002 
2003 
2004 
2005 
2006 
2007 
2008 
3001 
3002 
3003 
3004 
3005 
4001 
4002 
4003 
4004 
4005 
4006 
4007 
4008 
4009 
5001 
5002 
5003 
5004 
5005 
5006 
5007 
6001 
6002 
6003 
6004 
7001 
7002 
7003 
7004 
7005 
40000 
40010 
40020 
40030 
45000 
45010 
45020 
45030 
100000 
100001 
100002 
100003 
100004 
100005 
101900 
200000 
500000 
500001 
500002 
500003 
600000 
600010 
600020 
800000 
900000 
1000000 
1102000 
1200000 
1201000 
1202000 
1203000 
1500000 
1501000 
1502000 
1700000 
1900000 
2300000 
2301000 
2400000 
5200000 
6000000 
6000010 
6010000 
10000000 
10001000 
10002000 
10002010 
50001000 
50001001 
50001002 
50001003 
50001004 
50001005 
50001006 
50001007 
50001008 
50001009 
50002000 
50002010 
50002020 
50002030 
50002040 
50002050 
50003000 
50004000 
50005000 
51000000 
51000010 
51001000 
51001001 
51001010 
51002000 
51002010 
51002020 
51002025 
51002100 
51002700 
51003000 
51003010 
51003020 
51004000 
51005000 
51006000 
51006500 
51006510 
51006550 
51006559 
51006560 
51007000 
51008000 
51008010 
51009000 
51009010 
51010000 
51010100 
51011000 
51011500 
51011600 
51011700 
51012000 
51013000 
51014000 
51015000 
51015010 
51015020 
51016000 
51017000 
51017010 
51018000 
51019000 
51020000 
51021000 
51022000 
51023000 
51023010 
51024000 
51025000 
58000000 
58001000 
58005000 
59000000 
59001000 
80000000 
80000001 
80000002 
80000100 
80000101 
