1001 
1002 
1003 
1004 
2001 
2002 
2003 
2004 
2005 
2006 
2007 
2008 
3001 
3002 
3003 
3004 
3005 
4001 
4002 
4003 
4004 
4005 
4006 
4007 
4008 
4009 
4010 
4011 
4012 
4013 
4014 
4015 
4016 
5001 
5002 
5003 
5004 
5005 
5006 
5007 
5008 
6001 
6002 
6003 
6004 
6005 
6006 
6007 
6008 
7001 
7002 
7003 
7004 
7005 
7006 
7007 
7008 
7009 
40000 
45000 
100000 
202100 
202101 
300000 
400000 
500000 
500010 
504000 
505000 
506000 
600000 
601000 
602000 
603000 
604000 
605000 
610000 
700000 
701000 
701001 
701002 
800000 
900000 
1072500 
1100000 
1100010 
1100011 
1100012 
1100013 
1100014 
1100015 
1100016 
1100017 
1100018 
1100019 
1100020 
1100021 
1100022 
1100023 
1100024 
1100025 
1100026 
1100027 
1100028 
1100029 
1100030 
1100031 
1100032 
1100033 
1100034 
1100035 
1100036 
1100037 
1100038 
1100039 
1100040 
1100041 
1100042 
1100043 
1100044 
1100045 
1100046 
1105000 
1200000 
1200001 
1200010 
1200011 
1201000 
1201001 
1201002 
1300000 
1300010 
1600000 
1600010 
1600020 
1700000 
10000000 
10000010 
10000020 
10001000 
10002000 
10003000 
50000000 
50000005 
50000010 
50000011 
50000020 
50000021 
50000022 
50000070 
50000071 
50000080 
50000085 
50000090 
50000095 
50000100 
50000105 
50000110 
50000115 
50000120 
50000125 
50000180 
50000200 
50000210 
50000300 
50000350 
50000400 
50000401 
50000410 
50000420 
50000421 
50000500 
50000510 
50000520 
50000530 
50000531 
50000550 
50000551 
50000552 
50000560 
50000561 
50000562 
50000563 
50000564 
50000565 
50000566 
50000600 
50000630 
50000700 
50000710 
50000720 
50000730 
50000740 
50000750 
51000000 
51001000 
51002000 
51002010 
51003000 
51003100 
51003200 
51004000 
53000800 
56000100 
56001000 
56001090 
56001290 
56001300 
56001320 
56001340 
56001550 
56001600 
56003100 
56004000 
57000000 
57000010 
57000011 
57000012 
57000013 
57000100 
57001000 
57001010 
57001020 
57001030 
80000000 
80000001 
80000100 
80000101 
80000200 
80000201 
90000000 
90000001 
90000002 
