1001 
1002 
1003 
1004 
1005 
1006 
1007 
1008 
2001 
2002 
3001 
3002 
3003 
3004 
4001 
4002 
5001 
5002 
5003 
5004 
6001 
6002 
6003 
6004 
6005 
6006 
7001 
7002 
7003 
8001 
8002 
8003 
8004 
8005 
9001 
9501 
9502 
9503 
9504 
9505 
9506 
9507 
9508 
9509 
9510 
9511 
9512 
9513 
9514 
9515 
9516 
9517 
9518 
9519 
9520 
9521 
9522 
9523 
9524 
9525 
9526 
9527 
9528 
9529 
9530 
9531 
9532 
9533 
9534 
9535 
9536 
9537 
9538 
9539 
30000 
40000 
40010 
40020 
45000 
45010 
45020 
45100 
45110 
45120 
45130 
45140 
45150 
45160 
45170 
45180 
45190 
45200 
45210 
45220 
45230 
45240 
45250 
45260 
45270 
45280 
45290 
45300 
45310 
45320 
45330 
45340 
45350 
45360 
45370 
45380 
45390 
45400 
45410 
45420 
45430 
45440 
45450 
45460 
45470 
45480 
45490 
45500 
45510 
45520 
45530 
45540 
45550 
45560 
100000 
100001 
210000 
250000 
250001 
250010 
250011 
250020 
250021 
250030 
250031 
400000 
600010 
600020 
600030 
600031 
600032 
600040 
600041 
600060 
600080 
600081 
600084 
600088 
600089 
600092 
600096 
600100 
600101 
600102 
600103 
600104 
600105 
600107 
600108 
600109 
600110 
600111 
600112 
600113 
600114 
600115 
600116 
600117 
600118 
600119 
600120 
600121 
600122 
600123 
600124 
600125 
600126 
600127 
600128 
600129 
600130 
600131 
600132 
600133 
600134 
600135 
600136 
600137 
600138 
600139 
600140 
600141 
600142 
600143 
600144 
600145 
600146 
600147 
600148 
600150 
600151 
600152 
600153 
600154 
600155 
600156 
600157 
600158 
600159 
600160 
600161 
600162 
600163 
600164 
600165 
600166 
600167 
600168 
600169 
600170 
600171 
600172 
600173 
600174 
600175 
600176 
600177 
600178 
600179 
600180 
600181 
600182 
600183 
600184 
600185 
600186 
600187 
600188 
600189 
600190 
600191 
600192 
600193 
600194 
600195 
600196 
600197 
600198 
600199 
600300 
600301 
600302 
600303 
600304 
600305 
600306 
600307 
600308 
600309 
600310 
600311 
600312 
600313 
600314 
600315 
600316 
600317 
600318 
600319 
600320 
600321 
600322 
600323 
600324 
600325 
600326 
600327 
600328 
600329 
600330 
600331 
600332 
600333 
600334 
600335 
600336 
600337 
600338 
600339 
600340 
600341 
600342 
600343 
600344 
600345 
600346 
600347 
600350 
600351 
600352 
600353 
600354 
600355 
600356 
600357 
600358 
600359 
600360 
600361 
600362 
600363 
600364 
600365 
600366 
600367 
600368 
600369 
600370 
600371 
600372 
600373 
600374 
600375 
600376 
600377 
600379 
600380 
600381 
600382 
600383 
600384 
600385 
600386 
600387 
600388 
600389 
600390 
600391 
600392 
600393 
600500 
600501 
600502 
600503 
600504 
600505 
600506 
600507 
600508 
600509 
600510 
600511 
600512 
600513 
600514 
600515 
600516 
600517 
600518 
600519 
600520 
600521 
600522 
600523 
600524 
600525 
600526 
600527 
600550 
600551 
600552 
600553 
600554 
600555 
600556 
600557 
600558 
600559 
600560 
600561 
600562 
600563 
600564 
600565 
600566 
600567 
600568 
600569 
600570 
600571 
600572 
600573 
600574 
600575 
600576 
600577 
600600 
600601 
600602 
600603 
600604 
600605 
600606 
600607 
600608 
600609 
600610 
600611 
600612 
600613 
600614 
600615 
600616 
600617 
600618 
600619 
600620 
600621 
600622 
600623 
600624 
600625 
600626 
600627 
600700 
600701 
600702 
600703 
600704 
600705 
600706 
600707 
600708 
600709 
600710 
600711 
600712 
600713 
600714 
600715 
600717 
600718 
600719 
600720 
600721 
600723 
600724 
600725 
600750 
600751 
600752 
600753 
600754 
600755 
600756 
600757 
600758 
600759 
600760 
600761 
600762 
600763 
600764 
600765 
600766 
600767 
600768 
600769 
600770 
600771 
600772 
600773 
600774 
600775 
600776 
600777 
600778 
600779 
600780 
600781 
600782 
600783 
600784 
600785 
610000 
610010 
611000 
611010 
611020 
620000 
620010 
620020 
620030 
620040 
620050 
620060 
620070 
630000 
630010 
630011 
630020 
630030 
630100 
630110 
700000 
700001 
700005 
700006 
700009 
700010 
800000 
801000 
802000 
900000 
1000000 
1000010 
1100000 
1100010 
1200000 
1200010 
1300000 
1400000 
1600000 
1900000 
1901000 
1902000 
1903000 
2050000 
2303000 
2400000 
2500000 
2500010 
2502000 
2700000 
2701000 
2702000 
2703000 
2704000 
2710000 
2711000 
2712000 
2713000 
2714000 
3000000 
3000010 
3000020 
3002000 
3004000 
3100010 
3201000 
3202000 
3203000 
3220000 
3221000 
3222000 
3400000 
3500000 
4000000 
4001000 
4100000 
4101000 
4102000 
4103000 
4104000 
4105000 
4106000 
4107000 
4108000 
4109000 
4110000 
4200000 
4201000 
4202000 
4210000 
4211000 
4220000 
4221000 
5100000 
5300000 
5300001 
5300010 
6000000 
6000001 
6000002 
6000003 
6000004 
6000005 
6000006 
6000007 
6000008 
6000009 
6000010 
10000000 
10000100 
10000200 
20000010 
20000011 
20000020 
20000021 
50000000 
50000010 
50000020 
50000021 
50000022 
50000023 
50000024 
50000025 
50000026 
50000030 
50000031 
50000040 
50000041 
50000042 
50000100 
50000101 
50000110 
50000200 
50000210 
50000300 
50001000 
50002000 
50003000 
50003100 
50003110 
50004000 
50004001 
50005000 
50005001 
50005020 
50010000 
50010100 
50020000 
50020001 
50030000 
50030001 
50040000 
50040010 
50040100 
50040101 
50040200 
50040210 
50040300 
50040310 
50040400 
50050000 
50050100 
50060000 
50070000 
50070010 
50070020 
50070030 
50070040 
50080000 
50080001 
50080010 
50080011 
50080012 
50080013 
50080100 
50090000 
50100000 
50110000 
51000000 
51000001 
51001000 
51001001 
51001002 
51001003 
51010000 
51010010 
51010020 
51010030 
51020000 
51030000 
52000000 
52000010 
52000100 
52000200 
52000210 
52001000 
52001010 
52001020 
52001100 
52002000 
52002010 
52002100 
52003000 
52004000 
52005000 
80000000 
80000001 
80000100 
80000101 
80000200 
80000201 
