1001 
1002 
1003 
1004 
1005 
1006 
1007 
1008 
1009 
1010 
2001 
2002 
2003 
2004 
2005 
2006 
2007 
2008 
2009 
2010 
2011 
3001 
3002 
3003 
3004 
3005 
3006 
3007 
3008 
3009 
3010 
3011 
100000 
100001 
200000 
200001 
200002 
201000 
201001 
201002 
201003 
201004 
201005 
201006 
201007 
201008 
201009 
201010 
201011 
201012 
201013 
201014 
201015 
201016 
201017 
201018 
201019 
201020 
201021 
201022 
201023 
201024 
201025 
201026 
201027 
201028 
201029 
400000 
400001 
400002 
400003 
400004 
400005 
400010 
400020 
400030 
401000 
600000 
600001 
600002 
600003 
50000000 
50000001 
50000002 
50000003 
50000004 
50000005 
50000100 
50000300 
50000301 
50000302 
50000303 
50000304 
