1001 
1002 
1003 
1004 
1005 
1006 
1007 
1008 
1009 
1010 
1011 
1012 
1013 
1014 
1015 
1016 
2001 
2002 
2003 
2004 
2005 
2006 
2007 
2008 
2009 
2010 
2011 
2012 
2013 
2014 
2015 
3001 
3002 
3003 
3004 
3005 
3006 
4001 
4002 
4003 
4004 
4005 
4006 
4007 
4008 
4009 
4010 
4011 
4012 
4013 
4014 
4015 
5001 
5002 
5003 
5004 
5005 
5006 
5007 
5008 
5009 
5010 
5011 
5012 
5013 
5014 
5015 
5016 
5017 
5018 
5019 
5020 
5021 
5022 
5023 
5024 
5025 
5026 
5027 
5028 
5029 
6001 
6002 
6003 
6004 
7001 
7002 
7003 
7004 
7005 
7006 
40000 
40010 
45000 
45010 
45020 
45030 
45040 
45050 
100000 
101000 
201000 
201001 
201002 
201003 
300000 
402000 
520000 
600000 
601000 
602000 
605000 
606000 
650000 
651000 
652000 
800000 
1000000 
1001000 
1002000 
1100000 
1100001 
1100002 
1200000 
1300000 
1500000 
1500001 
1600000 
3700000 
3701000 
3702000 
10000010 
10000020 
50000000 
50000001 
50000002 
50000003 
50000010 
50000011 
50000012 
50000013 
50000014 
50000015 
50000016 
50000017 
50000018 
50000019 
50000020 
50000025 
50000030 
50000035 
50000040 
50000041 
50000050 
50000060 
50000070 
50000080 
50000081 
50000082 
50000100 
50000110 
50000115 
50000120 
50000130 
50000140 
50000150 
50000200 
50000205 
50000210 
50000215 
50000220 
50000225 
50000230 
50000240 
50000250 
50000251 
50000300 
50000310 
50000320 
50000330 
50000400 
50000500 
50000510 
50000520 
50000530 
50000531 
50000532 
50000540 
50000550 
50001000 
52000000 
52000001 
52000010 
52000011 
52000020 
52000021 
52000030 
52000031 
52000100 
52000101 
52000102 
52000103 
52000104 
52000105 
52000110 
52000500 
52001000 
52001010 
52001100 
52001110 
53000000 
53000100 
53000101 
53000150 
53000200 
53000201 
53000400 
53000500 
53000510 
56000700 
56000710 
56001000 
56001010 
56001100 
56001200 
56002000 
56003000 
56004000 
56004001 
57000000 
57000010 
70000020 
70002000 
70002700 
70002710 
70002810 
70003000 
70003500 
70003510 
70004510 
70004530 
70010000 
70013010 
70013020 
70017010 
70017500 
70017510 
70017520 
70018000 
70018030 
70020010 
70020020 
80000000 
80000201 
80000300 
80000301 
80000302 
80000400 
80000500 
80000501 
80001003 
81000000 
81000001 
81000100 
81000101 
81000200 
81000201 
81000300 
81000301 
