1001 
1002 
1003 
1004 
1005 
1006 
1007 
1008 
1009 
2001 
2002 
2003 
2004 
2005 
3001 
3002 
3003 
3004 
3005 
3006 
3007 
3008 
4000 
4001 
4002 
4003 
4004 
4005 
5001 
5002 
5003 
5004 
5005 
6001 
6002 
6003 
6004 
6005 
6006 
7001 
7002 
7003 
7004 
7005 
7006 
8001 
8002 
8003 
8004 
8005 
8006 
40000 
45000 
50000 
50001 
50002 
50003 
50004 
50005 
50006 
50007 
50008 
50009 
50100 
50101 
50102 
50103 
50104 
70300 
100000 
101400 
200000 
202000 
202001 
204000 
300000 
300010 
300020 
300030 
300050 
300060 
301000 
400000 
401000 
500000 
600000 
700000 
900000 
1100000 
1101000 
1102000 
1300000 
1400000 
1401000 
1700000 
1700001 
1701000 
1701001 
1702000 
1702001 
2002000 
2300000 
2500000 
2500001 
2501000 
6000000 
6000010 
6003000 
10000000 
10000010 
10000020 
10001000 
10002000 
50000050 
50000100 
50000110 
50000111 
50000150 
50000151 
50000200 
50000300 
50000600 
50000610 
50000620 
50000630 
50000700 
50000710 
50000750 
50000760 
50000800 
50000810 
50000820 
50000830 
50000840 
50000890 
50000895 
50000896 
50000900 
50001000 
50001010 
50001020 
50001030 
50001040 
50001050 
50002000 
50002010 
50002020 
50002030 
50002040 
50002050 
50003000 
50003010 
50004000 
50005000 
50006000 
50006100 
50007000 
50008000 
50009000 
50009500 
50010000 
50011000 
50011010 
50011020 
50011030 
50011500 
50011600 
50012000 
50013000 
50014000 
50015000 
50020000 
51000000 
52000000 
52000010 
52000011 
52000012 
52000015 
52000100 
52000110 
52000111 
52000112 
52000120 
52000121 
52000130 
52000131 
53000000 
53000010 
54001000 
55005000 
57000000 
57000010 
57000020 
57000040 
57000050 
57000060 
58000000 
58000010 
58000020 
58000030 
59000100 
59005000 
80000000 
80000001 
80000002 
80000100 
80000101 
80000200 
80000201 
80000300 
80000301 
