1001 
1002 
1003 
1004 
1005 
1006 
1007 
1008 
1009 
1010 
1011 
1012 
1013 
1014 
1015 
2001 
2002 
2003 
2004 
2005 
2006 
2007 
2008 
2009 
2010 
2011 
2012 
2013 
2014 
2015 
2016 
2017 
2018 
2019 
2020 
2021 
2022 
2023 
2024 
2025 
2026 
2027 
2028 
30000 
40000 
40010 
40020 
45000 
45010 
45020 
200000 
202400 
400000 
401000 
410000 
411000 
412000 
413000 
414000 
415000 
416000 
417000 
702000 
802000 
802001 
802010 
1300000 
1301000 
5000000 
5100000 
5100010 
6000000 
6000010 
10000000 
20000000 
20000010 
50000000 
50000010 
50000680 
50000681 
50000900 
50000901 
50001000 
50001001 
50001005 
50001010 
50001011 
50001012 
50001020 
50001030 
50001040 
50001050 
50001060 
50002000 
50002050 
50002051 
50003000 
50004000 
50005000 
51000000 
51000001 
51000002 
51000003 
51001000 
51001001 
51001002 
51001003 
51001004 
51001005 
51001006 
51001007 
51001008 
51001009 
51001010 
51001011 
51001012 
51001013 
51001014 
51001015 
51001016 
51001017 
51001018 
51001019 
51001020 
51001021 
51001022 
51001023 
51001024 
51001025 
51001026 
51001027 
51001028 
51001029 
51001030 
51001031 
51001032 
51001033 
51001034 
51001035 
51001036 
51001037 
51001038 
51001039 
51001040 
51001041 
51001042 
51002000 
51002010 
51002020 
51002030 
51002040 
51003000 
51003005 
51003010 
51003015 
51003020 
51003025 
51003030 
51003035 
51003040 
51003045 
51003050 
51003055 
51003060 
51003065 
51003070 
51003075 
51003080 
51003085 
51003090 
51003095 
51003100 
51003105 
51003120 
51003200 
51003300 
51003400 
51003410 
51003420 
51003425 
51003430 
51003500 
51003501 
51003550 
51003900 
51004000 
51004010 
51004020 
51004030 
51004040 
51005000 
51005005 
51005010 
51005015 
51005020 
51005025 
51005030 
51005035 
51005040 
51005045 
51005050 
51005055 
51005060 
51005065 
51005070 
51005075 
51005900 
51006000 
51006001 
51006002 
51006003 
51006004 
51006005 
51006006 
51006007 
51006008 
51006009 
51006010 
51006011 
51006012 
51006013 
51006014 
51006015 
51006016 
51006017 
51006018 
51006019 
51006020 
51006021 
51006022 
51007000 
51007001 
51007002 
51007003 
51007004 
51007500 
51008000 
51008001 
51008002 
51008003 
51008004 
51008005 
51008006 
51008007 
51008008 
51008009 
51008010 
51008011 
51008012 
51008013 
51008014 
51008015 
51008016 
51008017 
51009000 
51009001 
51009002 
51009003 
52000000 
80000000 
80000001 
80000100 
80000101 
