3500 
3510 
3520 
3521 
3522 
3523 
3524 
3525 
3540 
3550 
3551 
3552 
3560 
3570 
3580 
3590 
3600 
3610 
3620 
3621 
3622 
3623 
3630 
3631 
3632 
3634 
3640 
3650 
3651 
3652 
3653 
3660 
3661 
3662 
3663 
3664 
3670 
3671 
3672 
3673 
3680 
3681 
3682 
3690 
3691 
3692 
3693 
3694 
3695 
3700 
3710 
3711 
3712 
3713 
3720 
3730 
3740 
3750 
3760 
3761 
3762 
3770 
3771 
3772 
3780 
3790 
3800 
3801 
3802 
3810 
3820 
3821 
3822 
3830 
3840 
3850 
3860 
3861 
3862 
3870 
3880 
3890 
3900 
3910 
3920 
3930 
3940 
3950 
3960 
3970 
3999 
1002000 
1002001 
1002002 
1002099 
1004000 
1004001 
1004002 
1004003 
1004004 
1004005 
1004006 
1004007 
1004008 
1004009 
1004010 
1004011 
1004099 
1010000 
1010001 
1010002 
1010003 
1010004 
1010005 
1010006 
1010099 
1010100 
1010199 
1010300 
1010301 
1010302 
1010399 
1014000 
1014001 
1014002 
1014003 
1014004 
1014005 
1014006 
1014007 
1014008 
1014009 
1014010 
1014011 
1014012 
1014013 
1014014 
1014015 
1014016 
1014017 
1014099 
1014100 
1014101 
1014102 
1014103 
1014104 
1014105 
1014106 
1014107 
1014199 
1014200 
1014201 
1014299 
1015000 
1015001 
1015002 
1015003 
1015004 
1015005 
1015006 
1015099 
1015100 
1015101 
1015102 
1015103 
1015104 
1015199 
1016000 
1016099 
1016100 
1016101 
1016102 
1016103 
1016104 
1016199 
1016200 
1016299 
1016300 
1016399 
1016400 
1016499 
1016500 
1016599 
1016700 
1016701 
1016702 
1016799 
1017000 
1017001 
1017002 
1017003 
1017004 
1017005 
1017006 
1017007 
1017008 
1017099 
1017100 
1017199 
1017200 
1017201 
1017202 
1017299 
1017300 
1017399 
1017400 
1017401 
1017499 
1018000 
1018001 
1018002 
1018003 
1018099 
1019000 
1019099 
1019100 
1019101 
1019102 
1019103 
1019104 
1019105 
1019106 
1019199 
1019200 
1019201 
1019202 
1019203 
1019299 
1019300 
1019399 
1023000 
1023001 
1023099 
1023100 
1023199 
1023200 
1023201 
1023299 
1023300 
1023301 
1023302 
1023399 
1025000 
1025099 
1025100 
1025199 
1025200 
1025201 
1025202 
1025299 
1025300 
1025301 
1025302 
1025399 
1027000 
1027001 
1027002 
1027003 
1027004 
1027005 
1027099 
1027100 
1027101 
1027102 
1027103 
1027104 
1027105 
1027106 
1027107 
1027199 
1029000 
1029001 
1029099 
1030000 
1030099 
1031000 
1031099 
1031100 
1031101 
1031199 
1031200 
1031201 
1031299 
1032000 
1032001 
1032002 
1032099 
1032100 
1032101 
1032199 
1033000 
1033099 
1033100 
1033199 
1034000 
1034099 
1034100 
1034199 
2010000 
2010001 
2010002 
2010003 
2010099 
2011000 
2011001 
2011002 
2011003 
2011099 
2011100 
2011199 
2011200 
2011201 
2011299 
2011300 
2011399 
2021000 
2021001 
2021002 
2021003 
2021004 
2021005 
2021006 
2021007 
2021008 
2021009 
2021010 
2021011 
2021012 
2021013 
2021014 
2021015 
2021016 
2021017 
2021018 
2021019 
2021020 
2021021 
2021022 
2021023 
2021024 
2021097 
2021098 
2021099 
2021100 
2021101 
2021102 
2021103 
2021199 
2021200 
2021299 
2024000 
2024001 
2024002 
2024003 
2024004 
2024005 
2024006 
2024007 
2024008 
2024009 
2024010 
2024011 
2024012 
2024013 
2024014 
2024015 
2024016 
2024017 
2024018 
2024019 
2024020 
2024021 
2024022 
2024023 
2024024 
2024025 
2024026 
2024027 
2024028 
2024029 
2024099 
2024100 
2024101 
2024102 
2024103 
2024199 
4003000 
4003099 
5035000 
5035001 
5035002 
5035003 
5035099 
5035100 
5035199 
5035300 
5035301 
5035399 
5035400 
5035401 
5035402 
5035403 
5035404 
5035405 
5035406 
5035407 
5035408 
5035499 
5035500 
5035599 
5035600 
5035601 
5035602 
5035603 
5035604 
5035605 
5035606 
5035607 
5035608 
5035609 
5035610 
5035611 
5035699 
5035700 
5035701 
5035702 
5035799 
5036000 
5036001 
5036002 
5036099 
5036100 
5036101 
5036102 
5036103 
5036104 
5036105 
5036106 
5036107 
5036108 
5036109 
5036199 
5036200 
5036299 
5036300 
5036301 
5036302 
5036303 
5036304 
5036305 
5036306 
5036399 
5036400 
5036401 
5036402 
5036403 
5036499 
5036500 
5036501 
5036502 
5036599 
5037000 
5037001 
5037002 
5037003 
5037004 
5037005 
5037006 
5037099 
5037200 
5037201 
5037202 
5037203 
5037204 
5037299 
5037300 
5037399 
5037400 
5037401 
5037402 
5037403 
5037404 
5037405 
5037406 
5037499 
5037500 
5037501 
5037502 
5037599 
5037700 
5037701 
5037702 
5037799 
10000000 
10000001 
10000002 
10000003 
10000004 
10000780 
10001000 
10001001 
10001002 
10001010 
10001011 
10001012 
10001013 
10001014 
10001015 
10001016 
10001017 
10001018 
10001019 
10001020 
10001021 
10001022 
10001023 
10001024 
10001025 
10001026 
10001027 
10001028 
10001029 
10001030 
10001031 
10001032 
10001033 
10001034 
10001035 
10001036 
10001037 
10001038 
10001039 
10001040 
10001041 
10001042 
10001043 
10001044 
10001045 
10001100 
10001101 
10001102 
10001103 
10001150 
10001151 
10001152 
10001153 
10001200 
10001201 
10001210 
10001211 
10001212 
10001213 
10001220 
10001221 
10001222 
10001223 
10002750 
10002751 
10002752 
10002753 
10002754 
10002755 
10006300 
