1000 
2000 
3000 
3100 
4000 
4100 
5000 
5100 
6000 
6010 
6020 
6100 
6110 
6120 
8000 
8100 
9000 
9100 
10000 
10100 
11000 
11010 
11100 
12000 
12100 
13000 
13100 
15000 
15100 
16000 
16100 
17000 
17100 
18000 
18100 
19000 
19100 
20000 
20100 
21000 
21100 
22000 
22100 
23000 
23010 
23020 
23030 
23040 
23100 
24000 
24010 
24020 
24100 
24110 
24120 
30000 
30010 
30020 
30030 
30040 
30050 
30060 
30070 
30080 
30090 
30100 
30110 
30120 
30130 
80000 
81000 
111200 
111201 
111202 
111203 
111204 
111205 
111510 
111511 
111512 
111513 
111514 
118220 
120040 
4030000 
