1 
2 
3 
4 
5 
6 
7 
8 
9 
1010 
1011 
1012 
1013 
1014 
1015 
1016 
1017 
1018 
1019 
1020 
1021 
1022 
1023 
1024 
1025 
1026 
1027 
1028 
1029 
1030 
1031 
1032 
1033 
1034 
1035 
1036 
1037 
1038 
1039 
1040 
1041 
1042 
1043 
1044 
1045 
1046 
1047 
1048 
1049 
1050 
1051 
1052 
1053 
1054 
1055 
1056 
1057 
1058 
50000 
50001 
50002 
50003 
50004 
50005 
50006 
50007 
50008 
50009 
50010 
50011 
50012 
50013 
50014 
50015 
50016 
50100 
50101 
50102 
50103 
50104 
50105 
50106 
50200 
50201 
50202 
50203 
50204 
50205 
50206 
103200 
103201 
103202 
103203 
400000 
500000 
501000 
600000 
601000 
602000 
603000 
604000 
605000 
606000 
607000 
608000 
800000 
900000 
900010 
1002000 
1102000 
1202000 
5200000 
6000020 
6001020 
6002020 
10000000 
10725000 
50000000 
50000010 
50000100 
50000110 
50000120 
50000121 
50000122 
50001000 
50001200 
50001201 
50001202 
50001203 
50001204 
50001205 
50001207 
50001208 
50001290 
50001300 
50001301 
50001400 
50001401 
50002000 
50002001 
50002002 
50002003 
50002004 
50002005 
50002006 
50002007 
50002008 
50002100 
50002101 
50002102 
50002103 
50002104 
52000500 
52000501 
52000800 
52000900 
52000910 
53000500 
53000510 
53000520 
53000521 
53000530 
53000540 
53000570 
53000580 
80000000 
80000001 
80000002 
80000003 
80000100 
80000101 
80000102 
