1001 
1002 
1003 
1004 
1005 
1006 
1007 
1008 
1009 
1010 
1011 
1012 
1013 
1014 
1015 
1016 
1017 
1018 
1019 
1020 
1021 
1022 
1023 
1024 
1025 
1026 
1027 
1028 
1029 
1030 
1031 
1032 
1033 
2001 
2002 
2003 
2004 
2005 
2006 
2007 
2008 
2009 
2010 
2011 
2012 
2013 
2014 
2015 
2016 
2017 
3001 
3002 
3003 
3004 
3005 
3006 
3007 
3008 
3009 
3010 
102500 
200000 
200001 
200002 
200003 
200004 
200005 
200006 
200007 
200008 
200009 
400000 
500000 
501000 
900000 
900001 
900002 
900003 
1500000 
5200000 
6000000 
6000010 
6004020 
6008000 
10000000 
10000010 
10000100 
10001000 
10002000 
10725000 
50000300 
50000301 
50000400 
50000590 
50000591 
50001010 
50001030 
50001040 
50001324 
50001325 
50001326 
50001327 
50001328 
50001329 
50001400 
50001500 
50001510 
50001520 
50002080 
50002081 
50002082 
50003503 
50003520 
50012000 
50012090 
50013000 
50013100 
52000000 
52000006 
52000007 
52000009 
52000010 
52000011 
52000013 
52000014 
52000015 
52000019 
52000022 
52000029 
52000032 
52000033 
52000300 
52000301 
52000400 
52000401 
52000402 
52000403 
52000590 
52000591 
52000600 
52000601 
56000590 
56000591 
56000592 
56000700 
56000800 
56000801 
56000802 
56002300 
56004200 
56006000 
59000000 
59000001 
59000002 
59000003 
59000004 
59000005 
59000006 
59000100 
59000101 
59000102 
59000103 
59000104 
59000105 
59000106 
59000107 
59000108 
59000500 
59002100 
59100000 
59100100 
59100700 
80000100 
80000101 
80000102 
