1000 
2000 
3000 
4000 
4001 
4002 
5000 
5010 
5020 
5030 
5040 
5050 
5060 
6000 
6010 
6020 
6030 
6040 
6050 
6100 
6105 
6110 
7000 
7010 
8000 
9000 
10000 
10010 
10020 
10030 
11000 
11010 
12010 
13000 
13010 
13020 
13030 
15000 
16000 
17000 
19000 
19010 
20000 
20010 
20020 
20030 
21000 
22000 
22010 
80000 
81000 
82000 
90000 
111015 
111050 
111051 
111052 
111053 
111054 
111055 
111080 
111082 
111140 
111180 
111181 
111182 
111183 
111184 
111185 
111240 
111241 
111242 
111243 
111244 
111245 
111246 
111247 
111248 
111249 
111320 
111321 
111322 
111323 
111325 
111326 
111435 
111800 
111801 
111802 
111803 
111804 
118140 
120080 
120110 
4000000 
4001000 
4010000 
4011000 
4012000 
4012010 
4013000 
4030000 
4030010 
4030020 
4031000 
4100000 
