1000 
2000 
2010 
3000 
4000 
4010 
4020 
5000 
5100 
5200 
5210 
5211 
6000 
6010 
6020 
6050 
6060 
6500 
6510 
6520 
7000 
8000 
8010 
9000 
9010 
9020 
10000 
10010 
10020 
11000 
12000 
13000 
14000 
14010 
15000 
15010 
15020 
15030 
15040 
16000 
37000 
37010 
37020 
38000 
80000 
81000 
83000 
90000 
111240 
111241 
111242 
111243 
111244 
111245 
111250 
111251 
111252 
111253 
111254 
111255 
111256 
111260 
111261 
111262 
111263 
111264 
111290 
111291 
111292 
111293 
111294 
111435 
120110 
130000 
130001 
140000 
4000000 
4001000 
4001010 
4030000 
4031000 
