1001 
1002 
1003 
1004 
1005 
1006 
1007 
1008 
1009 
1010 
2001 
2002 
2003 
2004 
2005 
2006 
2007 
2008 
2009 
2010 
2011 
2012 
2013 
2014 
2015 
3001 
3002 
3003 
3004 
3005 
3006 
3007 
3008 
3009 
3010 
3011 
3012 
3013 
3014 
3015 
40000 
40010 
40020 
40030 
45000 
45010 
45020 
45030 
100000 
101700 
101701 
400000 
400010 
403000 
405000 
500000 
702000 
800000 
850000 
900000 
901000 
902000 
1100000 
1101000 
1300000 
1400000 
2700000 
3201000 
4100000 
4100010 
4100020 
4100030 
4100040 
4100050 
4100060 
4100070 
6000000 
6001000 
50000000 
50001000 
50001500 
50001501 
50001502 
50001503 
50001504 
50001505 
50001550 
50001551 
50001552 
50001553 
50002000 
50003100 
50005000 
50006000 
50007000 
50008000 
50008010 
50008020 
50008100 
50009000 
50009010 
50009100 
50010000 
50010010 
50010020 
50010100 
50010110 
50011000 
50012000 
50013000 
50013010 
50013100 
50014000 
50014010 
50014100 
50015000 
50016000 
50016010 
50016020 
50017000 
50019000 
50019001 
50020000 
50020010 
50021000 
50022000 
50023000 
50024000 
50025000 
50025010 
50025020 
50026000 
50026500 
50027000 
50028000 
50028010 
50029000 
50029010 
50029020 
50030000 
50031000 
50031100 
50031110 
50032000 
50033000 
50033010 
50034000 
50035000 
50035010 
50035020 
50036000 
50037000 
50037010 
50038000 
50039000 
50040000 
50041000 
50042000 
50043000 
50044000 
50044010 
50045000 
50046000 
50047000 
50048000 
50050000 
50050001 
50050010 
50060000 
51008105 
54007000 
59000000 
59100000 
80000000 
80000001 
80000002 
80000100 
80000101 
80000200 
80000201 
80000300 
80000301 
80000400 
80000401 
80000402 
80000500 
80000501 
