40000 
40010 
40020 
45000 
45010 
106000 
107000 
200000 
200010 
300000 
301000 
400000 
401000 
460004 
460005 
500000 
600000 
600010 
600020 
700000 
701000 
800000 
801000 
1000000 
1001000 
1002000 
1003000 
1101000 
1111000 
1400000 
1500000 
1600000 
1800000 
1801000 
1802000 
1803000 
1804000 
1805000 
1806000 
1807000 
1808000 
1900000 
1901000 
1902000 
1903000 
1904000 
1905000 
1906000 
1907000 
1908000 
1909000 
1910000 
3700000 
3701000 
3702000 
50000000 
50000001 
50000002 
50000004 
50000005 
50000006 
50000007 
50000008 
50000009 
50000101 
50000102 
50000103 
50000400 
50000500 
50000501 
50000502 
50001100 
50002001 
50002100 
50002101 
50002110 
50002201 
50002202 
50002203 
50002300 
50002301 
50003000 
50003001 
50003002 
50003003 
50004000 
50004001 
50005000 
50005001 
50005002 
50005100 
50005101 
50006000 
50006001 
50007000 
50008000 
50009000 
50010000 
50010001 
50011000 
50012000 
50013000 
50013001 
50013002 
50014000 
50019000 
50019001 
50019002 
50019003 
50020000 
50020001 
50020003 
50021000 
50030000 
50031000 
50031001 
50031002 
50031003 
50032000 
50032010 
50033000 
51000000 
51000001 
51000002 
51000003 
51000004 
51000005 
51000006 
52000100 
52000101 
52000102 
52000103 
52000104 
52000105 
52000106 
52000107 
52000108 
52000109 
60000000 
60001000 
60002000 
