1001 
1002 
1003 
1004 
1005 
1006 
1007 
1008 
1009 
1010 
2001 
2002 
2003 
2004 
2005 
2006 
2007 
2008 
2009 
3001 
3002 
3003 
3004 
3005 
3006 
3007 
4001 
4002 
4003 
4004 
4005 
4006 
5001 
5002 
5003 
5004 
5005 
5006 
5007 
5008 
5009 
5010 
5011 
5012 
6001 
6002 
6003 
6004 
6005 
6006 
6007 
6008 
6009 
7001 
7002 
7003 
7004 
7005 
40000 
40010 
40020 
40030 
40040 
40050 
40060 
40070 
40080 
40090 
40100 
40110 
40120 
45000 
45010 
45020 
45030 
45040 
45050 
45060 
45070 
45080 
45090 
45100 
45110 
45120 
50000 
50001 
50002 
50003 
50004 
50005 
50006 
50007 
50008 
50009 
50010 
50011 
50012 
50013 
50014 
50100 
50101 
50102 
50103 
50104 
50105 
50106 
50107 
100000 
100010 
101600 
200000 
201000 
202000 
203000 
203001 
204000 
300000 
300001 
400000 
500000 
501000 
502000 
503000 
603000 
612000 
802000 
900000 
901000 
1100000 
1100001 
1101000 
1101001 
1102000 
1102001 
1200000 
1200001 
1200002 
1200003 
1200004 
1200005 
1200010 
1200020 
1400000 
1410000 
1411000 
1412000 
1413000 
1414000 
1500000 
1501000 
1600000 
1605000 
1605001 
1605010 
1700000 
1900000 
2200000 
2200010 
2600000 
2600001 
2600002 
2600003 
2700000 
2700010 
6000000 
6000010 
6011020 
10001000 
10002000 
10752000 
20000000 
20001000 
20002000 
20003000 
20003100 
20004000 
20005000 
20006000 
20007000 
20008000 
20009000 
50000600 
50000601 
50000602 
50000603 
50000610 
50000620 
50001000 
50002000 
50003000 
50004000 
50005000 
50007000 
50008000 
50009000 
50010000 
50010010 
50010100 
50010200 
50010201 
50010210 
50011000 
50012000 
50013000 
50014000 
50015000 
50015010 
50016000 
50016010 
50016020 
50017000 
50018000 
50019000 
50020000 
50021000 
50022000 
50022010 
50023000 
50024000 
50025000 
50026000 
50026010 
50027000 
51000000 
51010000 
51020000 
51020010 
51030000 
51040000 
51040010 
51041000 
51042000 
51042010 
51043000 
51043010 
52000000 
52000001 
52001000 
52001001 
52002000 
52002001 
52003000 
52010000 
53000000 
53000010 
53000020 
53000030 
54000000 
80000000 
80000001 
80000002 
80000100 
80000101 
80000102 
80000200 
80000201 
80000202 
