1001 
1002 
1003 
2001 
2002 
2003 
2004 
2005 
2006 
3001 
3002 
3003 
3004 
3005 
3006 
3007 
3008 
4001 
4002 
4003 
4004 
4005 
4006 
4007 
5001 
5002 
5003 
5004 
5005 
5006 
5007 
6001 
6002 
6003 
8001 
8002 
8003 
9001 
9002 
9003 
9501 
9502 
9503 
30010 
30020 
40000 
40010 
45000 
45010 
200000 
201000 
202000 
203000 
204000 
305000 
305001 
305002 
306000 
500000 
501000 
501001 
501002 
600000 
601000 
601001 
601002 
601003 
601004 
700000 
701000 
702000 
800000 
801000 
900000 
901000 
902000 
903000 
904000 
905000 
906000 
907000 
1000000 
1000010 
1200000 
1200010 
1300000 
1300010 
1400000 
1400010 
1404000 
1404010 
1600000 
1601000 
1800000 
1801000 
1900000 
1900001 
1900010 
2000000 
2000010 
2200000 
2201000 
2202000 
2203000 
2500000 
2800000 
3100000 
3100010 
3100020 
3200000 
3200010 
3200011 
3200012 
3200013 
3200020 
3300000 
3300010 
3300011 
3300012 
3300013 
3300020 
3400000 
3400010 
3400020 
3700000 
3900000 
4001010 
4001020 
4001030 
4001040 
4001050 
4001060 
4001070 
4001080 
4001090 
4101010 
4101020 
4101030 
4101040 
4101050 
4101060 
4101070 
4101080 
4101090 
4101100 
4101110 
4300000 
4301000 
4400000 
4401000 
4500000 
4600000 
4700000 
4701000 
4702000 
5000000 
5000010 
5100000 
5300000 
5400000 
5500000 
5500001 
5500010 
5500011 
6000000 
6000100 
6100000 
6100001 
6100002 
6100003 
6100004 
6100005 
6100006 
6100007 
6100100 
6100101 
6100102 
6100103 
6100104 
6100105 
6100106 
6100107 
6100108 
6100109 
6100110 
6100111 
10000000 
10000010 
50000000 
50000010 
50000020 
50000030 
50000031 
50000100 
50001000 
50001010 
50002000 
50002001 
50002100 
50002101 
50003000 
50003001 
50004000 
50004001 
50005000 
50006000 
50006200 
50007000 
50008000 
50009000 
50010000 
50010010 
50010020 
50010100 
50010200 
50010210 
50010300 
50010310 
50011000 
50011001 
50011010 
50011100 
50011101 
50011110 
50011200 
50011201 
50011210 
50012000 
50012001 
50013000 
50020000 
50020001 
50021000 
50021001 
50022000 
50030000 
50031000 
50031001 
50032000 
50032001 
50033000 
50033001 
50035000 
50040000 
50041000 
50041100 
50050000 
50050010 
50050020 
50060000 
50060001 
50060010 
50060011 
50060020 
50060021 
50060030 
50060031 
50061000 
50061001 
50061010 
50061011 
50061020 
50061021 
50061030 
50061031 
50062000 
50062010 
50063000 
50063010 
50063020 
50070000 
50070001 
50070002 
50070003 
50071000 
50071001 
50071002 
50072000 
50072010 
50073000 
50074000 
50074010 
50075000 
50075001 
50075002 
50075003 
50080000 
50080001 
50081000 
50081001 
50090000 
50091000 
50100000 
50101000 
50101010 
50101020 
50102000 
50103000 
50103010 
50104000 
50104010 
50105000 
50105010 
50105020 
50105030 
50105090 
50106000 
50106010 
50107000 
50108000 
50108010 
50109000 
50110000 
50120000 
50121000 
50130000 
50131000 
50131010 
50132000 
50132011 
50133000 
50134000 
50135000 
50136000 
50137000 
50137010 
50137020 
50137030 
50138000 
50139000 
50139010 
50139020 
50140000 
50141000 
50142000 
50142001 
50142010 
50142011 
50143000 
50143010 
50143020 
50144000 
50144010 
50145000 
50146000 
50147000 
50148000 
80000000 
80000001 
80000100 
80000101 
80000200 
80000201 
