110 
111 
120 
121 
130 
131 
1001 
1002 
1003 
1004 
1005 
2001 
2002 
2003 
3001 
3002 
3003 
3004 
103100 
103101 
200000 
300000 
300001 
500000 
500001 
500002 
500003 
500004 
500005 
500006 
500007 
500008 
500009 
500010 
600000 
601000 
602000 
603000 
604000 
609000 
610000 
611000 
612000 
617000 
618000 
619000 
620000 
621000 
622000 
627000 
628000 
629000 
630000 
631000 
632000 
700000 
700001 
700002 
800000 
801000 
802000 
10000000 
10000001 
10000002 
10000003 
10000004 
10000005 
50000000 
50001000 
50001010 
50002000 
50003000 
50004000 
50004100 
50005000 
50006000 
50007000 
50007100 
50008000 
50008100 
50008500 
50008510 
50009000 
50010000 
50011000 
50011100 
50012000 
50012001 
50012002 
50012003 
50012010 
50012011 
50012012 
50012500 
50012505 
50013000 
50014000 
50015000 
50016000 
50017000 
50018000 
52000000 
52000001 
52000100 
52000101 
52000200 
52000201 
52000300 
52000301 
