1000 
2000 
2010 
3000 
4000 
4010 
4020 
4030 
4050 
5000 
6000 
6010 
7000 
7010 
7020 
7100 
7110 
8000 
8010 
8020 
8030 
8040 
8500 
9000 
9010 
9020 
10000 
11000 
11010 
12000 
12010 
14000 
15000 
27000 
31100 
32010 
42000 
80000 
81000 
82000 
83000 
84000 
111090 
111091 
111092 
111093 
111094 
111095 
111096 
111200 
111201 
111202 
111203 
111204 
111205 
111250 
111251 
111252 
111253 
111254 
111255 
111256 
111270 
111271 
111272 
111273 
111274 
111275 
111340 
111341 
111342 
111343 
111344 
112010 
112011 
118100 
118110 
118120 
120000 
120130 
4000000 
4001000 
4002000 
4002010 
4003000 
4003010 
4003020 
4003030 
4004000 
4031000 
