1000 
2000 
3000 
3010 
4000 
4010 
5000 
6000 
6010 
6020 
7000 
7010 
7020 
8000 
8010 
8020 
8030 
9000 
10000 
10010 
10020 
11000 
11010 
11020 
12000 
12010 
12020 
12030 
13000 
14000 
15000 
15010 
15020 
16000 
17000 
19000 
20000 
23000 
23010 
24000 
60000 
60010 
80000 
81000 
82000 
82010 
83000 
90000 
111276 
111277 
111280 
111281 
111282 
111283 
111284 
111440 
111441 
111442 
111443 
111444 
118100 
118110 
118210 
118220 
118230 
120050 
120060 
2000000 
2001000 
2001010 
2001020 
2001030 
4000000 
4001000 
4002000 
4010000 
4020000 
4021000 
4021010 
4022000 
4022010 
4022020 
4031000 
4031010 
4100000 
