1001 
1002 
1004 
1005 
1006 
1007 
1008 
1009 
1010 
1011 
1012 
1013 
1014 
1015 
1016 
1017 
1018 
1019 
1020 
2001 
2002 
2003 
2004 
2005 
2006 
2007 
2008 
2009 
2010 
2011 
2012 
3001 
3002 
3003 
3004 
3005 
3006 
3007 
3008 
3009 
4001 
4002 
4003 
4004 
4005 
4006 
4007 
40000 
45000 
201100 
201101 
300000 
301000 
301001 
301010 
301011 
400000 
400010 
404000 
600000 
700000 
802000 
6000020 
10000000 
20000000 
20000001 
20000010 
20000020 
20000100 
20000110 
20000120 
50000000 
50000010 
50000100 
50000105 
50000106 
50000110 
50000115 
50000120 
50000125 
50000130 
50000135 
50000140 
50000145 
50000150 
50000151 
50000152 
50000153 
50000155 
50000300 
50000310 
50000315 
50000320 
50000325 
50000330 
50000400 
50000600 
50000700 
50000705 
50000710 
50000720 
50000730 
50000740 
50000750 
50000800 
50001000 
50001010 
50001020 
50002000 
50003000 
50004000 
51000010 
51000020 
51000030 
51000040 
51008540 
52000000 
52000001 
52000010 
52000011 
52000020 
52000021 
52000030 
52000031 
52000040 
52000041 
52000050 
52000051 
52000060 
52000061 
52000070 
52000071 
52000080 
52000081 
52000090 
52000091 
52000100 
52001000 
52001001 
52001010 
52001011 
52001100 
52001101 
52002000 
52002001 
53000000 
53001000 
59000000 
80000000 
80000001 
80000100 
80000101 
80000200 
80000201 
90000000 
