1000 
1010 
1020 
2000 
3000 
4000 
4010 
4100 
4110 
4120 
4130 
4140 
4150 
4160 
4170 
7000 
7010 
7020 
8000 
8010 
8020 
8030 
8040 
8050 
9000 
9010 
9020 
9030 
12000 
12010 
12020 
12030 
12040 
12050 
12060 
12070 
12080 
12090 
13000 
13010 
80000 
81000 
90000 
111020 
111021 
111022 
111023 
111024 
111025 
111050 
118100 
118220 
1000000 
1001000 
3000000 
4000000 
4001000 
4002000 
4003000 
4010000 
4010010 
4010020 
4010030 
4010040 
4010050 
4010060 
4010070 
4010080 
4010090 
4010100 
4011000 
4011010 
4012000 
4015000 
4015010 
4016000 
4016010 
4017000 
4017010 
4018000 
4018010 
4019000 
4019010 
4019020 
4020000 
4020010 
4021000 
4022000 
4022010 
4022020 
4030000 
4030010 
4030020 
4030040 
4030050 
4030060 
4030070 
4030080 
4030090 
4030110 
4030120 
4030130 
4030140 
4031000 
4100000 
