1000 
1010 
1020 
1030 
1040 
1050 
1060 
2100 
2200 
2300 
2400 
2500 
2600 
2700 
3020 
4000 
4010 
4020 
5000 
6000 
6010 
6040 
6050 
6080 
6090 
6100 
6120 
6500 
6510 
6540 
6550 
6580 
6590 
6600 
6620 
7000 
7010 
7020 
8000 
8010 
8020 
9000 
10000 
10010 
10020 
10030 
11000 
11010 
11020 
12000 
12010 
12020 
13000 
14000 
15020 
15030 
15100 
15110 
15120 
15210 
15220 
15300 
15310 
16000 
17000 
18000 
18010 
18100 
18110 
18200 
18210 
19000 
19010 
19020 
19030 
20000 
20500 
20600 
21000 
21010 
22000 
22010 
23000 
23010 
23020 
23030 
24000 
25000 
25020 
25050 
26000 
26010 
27000 
27010 
27020 
27030 
27040 
27100 
27110 
27120 
27130 
27140 
30000 
30020 
30040 
30050 
30070 
31000 
31050 
31060 
31070 
31080 
31100 
32000 
32010 
32020 
32030 
32100 
32110 
32120 
32130 
32200 
32210 
32220 
33030 
33040 
33050 
33060 
33070 
33080 
33090 
33100 
33110 
33120 
33130 
33140 
33500 
34000 
34010 
34020 
34050 
35000 
35010 
35050 
40000 
40010 
41000 
41010 
41020 
41030 
41040 
41050 
41060 
41070 
41080 
41090 
41100 
42000 
42010 
42020 
42100 
42110 
42200 
42210 
43020 
43030 
43100 
43110 
43120 
43210 
43220 
43300 
43310 
44000 
49000 
49010 
49020 
49030 
51000 
52000 
53000 
59000 
80000 
82000 
83000 
84000 
85000 
87000 
89000 
89010 
89020 
100001 
100010 
100011 
100021 
100040 
100041 
100050 
100060 
100070 
101000 
101010 
101020 
110000 
110010 
110011 
110020 
110021 
110030 
4000000 
4000010 
4001000 
