1001 
1002 
1003 
1004 
1005 
1006 
1007 
1008 
1009 
2001 
2002 
2003 
2004 
3001 
3002 
3003 
3004 
3005 
3006 
3007 
3008 
3009 
3010 
3011 
3012 
4001 
4002 
4003 
4004 
4005 
4006 
5001 
5002 
5003 
6001 
6002 
7001 
7002 
7003 
8001 
8002 
8003 
30000 
40000 
45000 
50000 
50001 
50002 
50003 
50004 
50005 
50006 
50007 
50008 
50009 
50010 
50011 
50012 
50013 
50014 
50015 
50016 
50017 
50018 
50019 
50020 
50021 
50022 
50023 
50024 
50025 
50026 
50027 
50028 
50029 
50030 
50031 
50032 
50033 
50034 
50035 
50036 
50037 
50038 
50039 
50040 
50041 
50042 
50043 
50044 
50045 
200000 
200001 
300000 
300001 
400000 
400001 
603010 
603020 
700000 
700010 
800000 
800010 
801000 
801010 
900000 
900010 
1000000 
1000010 
1001000 
1100000 
1200000 
1200010 
1201000 
1201010 
1300000 
1300010 
1301000 
1301010 
1302000 
1302010 
1303000 
1303010 
1305000 
1305010 
1306000 
1306010 
1307000 
1307010 
2001000 
2001010 
2003000 
2003010 
2005000 
2005010 
2007000 
2007010 
2100000 
2101000 
2102000 
2103000 
2104000 
2105000 
2106000 
2501000 
2501010 
2501020 
2501030 
2501040 
2600000 
3000000 
3002000 
3003000 
3003001 
3003002 
3003003 
3200000 
3300000 
3400000 
3400010 
3403000 
3405000 
3405001 
3405010 
3405011 
3600000 
5100000 
5300000 
5300010 
6000000 
6100000 
6100001 
6100002 
6100003 
6100004 
6100005 
6100006 
6100007 
6100008 
6100009 
6100010 
6100011 
6100012 
6100013 
10000000 
10000010 
50000000 
50000001 
50000010 
50000011 
50000020 
50000021 
50000030 
50000041 
50000050 
50000051 
50000060 
50000061 
50000070 
50000071 
50000100 
50000101 
50000110 
50000111 
50000120 
50000121 
50000130 
50000131 
50000140 
50000141 
50000150 
50000151 
50000200 
50000201 
50000210 
50000211 
50000220 
50000221 
50000230 
50000231 
50000300 
50000301 
50000310 
50000311 
50000320 
50000321 
50000330 
50000331 
50000400 
50000401 
50000410 
50000411 
50000420 
50000421 
50000430 
50000431 
50000440 
50000441 
50000500 
50000501 
50001000 
50001001 
50001002 
50001003 
50001004 
50001005 
50001006 
50001007 
50001008 
50001009 
50001010 
50001011 
50001012 
50001013 
50001014 
50001015 
50001016 
50001017 
50001018 
50001019 
50001020 
50001021 
50001022 
50001023 
50001024 
50001025 
50001026 
50001027 
50001028 
50001029 
50001030 
50001031 
50001032 
50001033 
50001034 
50001035 
50001036 
50001037 
50001038 
50001039 
50003000 
50003010 
50004000 
50004001 
50004010 
50004011 
50004012 
50004020 
50004021 
50004030 
50004040 
50004050 
50004100 
50004101 
50004110 
50004500 
50004510 
50005000 
50005500 
50005501 
50006000 
50006001 
50007000 
50008000 
80000000 
80000001 
80000100 
80000101 
80000200 
80000201 
80000300 
80000301 
80000302 
80000400 
80000401 
