1001 
1002 
1003 
1004 
1005 
1006 
1007 
1008 
1009 
1010 
1011 
1012 
1013 
1014 
1015 
1016 
1017 
1018 
1019 
1020 
1021 
1022 
1023 
1024 
1025 
1026 
1027 
2001 
2002 
2003 
2004 
2005 
2006 
2007 
2008 
2009 
2010 
2011 
2012 
2013 
2014 
2015 
2016 
2017 
40000 
45000 
102700 
300000 
300001 
702000 
1000000 
5100011 
6000000 
6000010 
6004020 
10000000 
10001000 
10002000 
10003000 
50000400 
50000500 
50000501 
50000502 
50000600 
51000000 
51000100 
51000101 
51000102 
51000103 
51000104 
51000105 
51000106 
51000107 
51000108 
51000109 
51000110 
51000111 
51000112 
52000500 
52000501 
52000502 
53000000 
53000100 
53000200 
53000300 
53000400 
53100000 
53100100 
53101000 
53101001 
53101010 
53102000 
53102001 
53102010 
53103000 
53103001 
53103010 
53104000 
53104001 
53104010 
53105000 
53105001 
53105010 
53200000 
53300000 
53301000 
53301010 
53301020 
53301030 
54000000 
80000000 
80000001 
80000100 
80000101 
80000200 
80000201 
