110 
111 
120 
121 
130 
131 
1001 
1002 
1003 
1004 
1005 
1006 
1007 
1008 
1009 
1010 
1011 
1012 
1013 
1014 
2001 
2002 
2003 
2004 
2005 
2006 
2007 
2008 
3001 
3002 
3003 
3004 
3005 
3006 
3007 
3008 
4001 
4002 
4003 
4004 
4005 
4006 
40000 
40010 
45000 
45010 
45020 
45030 
100010 
100020 
102300 
102301 
120000 
120010 
130000 
140000 
150000 
160000 
161000 
162000 
162020 
163000 
163010 
164000 
164005 
170000 
170010 
171000 
171010 
172000 
172010 
173000 
173010 
210000 
212000 
220000 
220010 
220100 
220110 
220200 
220210 
220300 
220310 
230000 
230100 
250000 
300000 
300010 
300020 
300030 
300040 
302000 
310010 
325000 
326000 
327000 
330000 
331000 
331010 
331020 
331030 
332000 
332010 
332200 
335000 
335010 
335020 
335030 
335100 
340000 
350000 
350001 
350002 
350003 
351000 
353000 
360000 
360020 
361000 
362000 
500000 
600000 
700000 
700001 
700002 
700003 
700004 
700005 
700006 
700007 
700008 
700009 
700010 
700011 
700012 
700013 
700014 
700015 
700016 
700017 
700018 
700019 
700020 
700021 
700022 
700023 
700024 
700025 
700026 
700027 
700028 
700029 
700030 
700031 
700032 
700033 
700034 
700035 
700036 
700037 
700038 
700039 
700040 
700041 
700042 
700043 
700044 
700045 
700046 
700047 
700048 
700049 
701000 
701001 
701002 
701003 
701004 
701005 
701006 
701007 
701008 
701009 
701010 
701011 
701012 
701013 
701014 
701015 
701016 
701017 
701018 
701019 
701020 
701021 
701022 
701023 
701024 
701025 
701026 
701027 
701028 
701029 
701030 
701031 
701032 
701033 
701034 
701035 
701036 
701037 
701038 
701039 
701040 
701041 
701042 
701043 
701044 
701045 
701046 
701047 
701048 
701049 
702000 
702001 
702002 
702003 
702004 
702005 
702006 
702007 
702008 
702009 
702010 
702011 
702012 
702013 
702014 
702015 
702016 
702017 
702018 
702019 
702020 
702021 
702022 
702023 
702024 
702025 
702026 
702027 
702028 
702029 
702030 
702031 
702032 
702033 
702034 
702035 
702036 
702037 
702038 
702039 
702040 
702041 
702042 
702043 
702044 
702045 
702046 
702047 
702048 
702049 
710000 
711000 
720000 
740000 
760000 
780000 
790000 
791000 
792000 
793000 
794000 
800000 
801000 
802000 
803000 
900000 
900010 
1501000 
1501005 
1501010 
1501015 
1800000 
1900000 
2000000 
2000001 
2000002 
6000000 
12000000 
50000000 
50000001 
50000002 
50000003 
50000010 
50000011 
50000012 
50000013 
50000014 
50000015 
50000016 
50000017 
50000018 
50000019 
50000020 
50000021 
50000022 
50000023 
50000024 
50001000 
50001001 
50001010 
50001011 
50002000 
50002010 
51000000 
51100000 
51100100 
51100200 
51200000 
51200010 
51200011 
51200012 
51200100 
51240000 
51240005 
51300000 
51300010 
51300020 
52000000 
52000010 
53000000 
53100000 
53500000 
53800000 
53800010 
54000100 
54005000 
55000000 
55000001 
55000002 
55000003 
55000100 
55000101 
55000102 
55000103 
55100000 
55100010 
55100020 
55100100 
55100150 
55100151 
