2000 
2010 
2020 
2030 
2040 
3000 
3010 
3020 
3030 
4000 
4010 
4020 
5000 
5010 
5020 
5030 
6000 
6010 
6030 
6100 
6110 
6120 
8000 
8010 
8020 
9000 
9010 
10000 
11000 
11010 
11020 
13000 
14000 
14100 
14110 
14120 
14130 
14140 
15000 
15010 
15020 
16000 
16010 
17000 
17010 
18010 
18030 
18050 
18060 
18120 
18130 
18140 
19000 
22000 
23000 
23010 
24000 
25000 
26000 
26010 
26020 
27000 
27010 
27020 
28000 
29000 
29010 
30000 
80000 
81000 
82000 
83000 
84000 
85000 
87000 
87010 
90000 
111270 
111271 
111272 
111273 
111274 
111275 
111276 
111277 
111280 
111281 
111282 
111283 
111284 
111370 
111371 
111372 
111373 
111374 
111375 
111376 
111377 
111400 
111401 
111402 
111403 
111404 
111405 
111406 
111407 
118120 
118121 
118122 
118123 
118200 
120050 
120130 
120140 
4000000 
4001000 
4002000 
4010000 
4011000 
4011010 
4011020 
4011100 
4012000 
4012010 
4012020 
4012030 
4013000 
4013010 
4013100 
4013110 
4013120 
4014000 
4015000 
4016000 
4017000 
4017010 
4030000 
4030010 
4030020 
4031000 
4100000 
