1000 
2000 
2010 
2020 
2030 
2040 
2050 
2060 
4000 
4001 
4002 
5000 
5010 
6000 
6010 
6020 
6030 
6040 
6050 
6060 
6070 
6080 
7000 
8000 
9000 
10000 
10010 
10020 
11000 
11010 
11020 
12000 
12010 
12020 
12050 
13000 
14000 
80000 
81000 
111010 
111011 
111012 
111013 
111014 
111180 
111181 
111182 
111183 
111184 
111185 
111230 
111231 
111232 
111233 
111234 
111235 
111450 
111451 
111452 
111453 
111454 
111520 
111521 
111522 
111523 
111524 
118100 
120080 
120160 
3000000 
3001000 
3001010 
3001020 
3001030 
4000000 
4000010 
4000020 
4001000 
4001010 
4001020 
4002000 
4002010 
4002020 
4003000 
4003010 
4003100 
4003110 
4003120 
4003130 
4003140 
4003150 
4003160 
4003200 
4003210 
4003220 
4003230 
4003240 
4003250 
4003260 
4003270 
4003300 
4003900 
4004000 
4004010 
4004020 
4004030 
4004040 
4004050 
4004060 
4004070 
4005000 
4011000 
4011010 
4031000 
