1000 
1001 
1002 
1003 
1004 
1005 
1006 
1007 
1008 
1009 
1010 
1013 
1016 
1018 
1019 
1020 
1021 
1022 
1023 
2000 
2001 
2002 
2003 
2004 
2005 
2006 
2007 
2008 
2009 
4000 
4001 
4002 
5000 
5010 
5020 
6000 
7000 
7010 
8000 
8060 
8070 
8090 
8110 
8130 
8140 
8150 
8220 
8290 
9000 
9010 
9020 
11000 
11010 
11020 
11030 
11040 
11050 
12000 
13000 
13010 
13020 
13030 
13040 
13050 
13060 
13070 
13080 
13090 
13100 
13110 
13120 
13130 
13140 
13150 
13160 
13170 
13180 
13190 
13200 
13210 
13220 
13230 
14000 
15000 
80000 
81000 
82000 
82010 
83000 
90000 
111180 
111181 
111182 
111183 
111184 
111185 
111270 
111271 
111272 
111273 
111274 
111275 
111276 
111277 
111435 
118110 
118120 
118140 
118141 
118200 
118210 
118220 
120080 
120130 
1000000 
1001000 
1001010 
1001020 
1001030 
4000000 
4001000 
4002000 
4003000 
4004000 
4004010 
4004020 
4005000 
4006000 
4006010 
4007000 
4007010 
4007020 
4008000 
4030000 
4030010 
4030020 
4030030 
4030040 
4031000 
4100000 
