1000 
1010 
1020 
1030 
1040 
1050 
1060 
1070 
2000 
2012 
2013 
3000 
3010 
4000 
4010 
5000 
5010 
5020 
5030 
5040 
5050 
6000 
7000 
7010 
8000 
9000 
9020 
9030 
9040 
10000 
10010 
10020 
10030 
11000 
11010 
11100 
11110 
12000 
12010 
12020 
13000 
13010 
13020 
15000 
16000 
18000 
18010 
18020 
18030 
18040 
18050 
18060 
18070 
18080 
19000 
19010 
19020 
19030 
19040 
19050 
19060 
19070 
19080 
19090 
19100 
20000 
80000 
111160 
111161 
111162 
111163 
111164 
111240 
111241 
111242 
111243 
111244 
111245 
111246 
111247 
120110 
120120 
