1000 
1020 
2000 
2010 
2020 
2030 
2040 
3000 
3020 
3030 
3040 
3050 
3060 
4000 
4010 
4020 
4030 
4040 
4050 
4060 
4070 
4080 
5000 
5010 
5200 
5210 
5220 
5230 
5240 
5250 
5280 
5300 
5310 
6000 
6010 
6020 
6030 
6100 
6110 
6130 
6140 
6210 
7000 
7010 
7020 
8000 
8010 
8011 
9010 
9020 
9030 
9070 
10000 
10010 
10020 
10030 
12000 
12010 
12020 
13000 
13010 
13020 
14000 
14010 
14020 
14030 
14040 
15010 
16000 
16010 
17000 
17010 
17020 
18000 
18010 
19000 
19010 
20000 
20010 
20050 
21000 
22000 
22010 
22020 
22030 
22100 
22110 
22200 
22210 
22300 
22310 
23000 
23010 
23020 
23030 
25000 
25010 
25050 
28000 
28010 
28050 
30000 
30010 
30020 
31000 
31010 
32000 
32010 
33000 
33010 
34000 
34010 
37000 
38000 
38010 
38100 
38110 
38120 
38130 
38140 
38160 
38170 
38180 
38190 
38200 
38210 
39000 
39010 
40000 
40010 
41000 
41010 
42000 
42010 
43000 
43010 
43100 
43110 
43120 
43130 
43140 
43150 
44000 
44010 
44020 
44130 
44160 
44170 
44200 
45000 
45010 
46000 
46020 
47000 
47010 
47020 
48010 
48020 
48030 
48040 
48050 
48060 
49000 
50000 
51000 
52000 
53000 
54000 
55000 
59000 
59010 
80000 
81000 
82000 
83000 
84000 
85000 
89000 
89010 
100000 
100010 
100020 
100030 
100040 
100050 
100100 
100110 
110000 
4000000 
4000010 
