10800000 
10800001 
10800002 
10800003 
10800004 
10800005 
10800006 
10800007 
10800008 
10800010 
10800013 
10800014 
10800015 
10800016 
10800021 
10800030 
10800031 
10800050 
10800051 
10800055 
11800000 
11800001 
12700000 
12700001 
12700002 
12700003 
12700009 
12700050 
12700051 
12700052 
12700099 
12701009 
13200003 
13200010 
13200032 
13202235 
13205000 
13209000 
13300101 
13800000 
13800001 
13800002 
13800004 
13800005 
13800010 
13900000 
13900001 
13900900 
13900901 
15300000 
15400000 
15400001 
15400002 
15600000 
15700012 
15700014 
15700020 
15700022 
15700023 
15700500 
15700600 
15701400 
15701500 
15702300 
15702600 
15703300 
15705800 
15706802 
20400000 
21300000 
22200000 
22700000 
32700010 
32700020 
32700021 
32700022 
32700023 
32700024 
32700031 
32700033 
32700039 
61910000 
69400000 
69600000 
74200000 
74200001 
77000000 
77000001 
78300000 
78300001 
82100000 
85200000 
90000000 
90000100 
