1 
40 
41 
60 
61 
205 
235 
305 
306 
400 
670 
671 
676 
677 
678 
679 
680 
681 
682 
683 
825 
859 
860 
862 
863 
864 
910 
917 
968 
1000 
1010 
1020 
1030 
1031 
1050 
1051 
1052 
1053 
1070 
1071 
1073 
1090 
1091 
1092 
1098 
1100 
1220 
1221 
1222 
1230 
1296 
1300 
1302 
1306 
1307 
1308 
1310 
1312 
1313 
1316 
1317 
1320 
1325 
1330 
1335 
1340 
1410 
1420 
1430 
1431 
1510 
1550 
1560 
1561 
1570 
1591 
1610 
1703 
3010 
3020 
3030 
3040 
3100 
5000 
5001 
8000 
8010 
9000 
9010 
9031 
9032 
9033 
9040 
9050 
9051 
9060 
9061 
9080 
9081 
9200 
9201 
9202 
9300 
9953 
