10600001 
10600010 
10700000 
10700001 
10700100 
11820000 
12700000 
13700000 
14601000 
14700000 
14800000 
14800001 
14800010 
14800050 
14800100 
14800110 
14800120 
14800200 
14800220 
14801000 
14801100 
20110000 
20210000 
20300000 
20300002 
20300010 
20300011 
20300020 
20300021 
20300050 
20300051 
20300060 
20300070 
20300075 
20300080 
20301000 
20301010 
20301020 
20301030 
20301040 
20301100 
20301110 
20301120 
20301130 
20301140 
20302000 
20302010 
20302040 
20302502 
20302511 
20302520 
20302521 
20302551 
20400000 
21000000 
21300000 
21310000 
21400000 
31300000 
31300010 
31300020 
32100000 
60300000 
60301000 
69300000 
69400000 
74200000 
74200001 
74300000 
74400000 
74400001 
77100000 
77600000 
77600001 
78400000 
78400001 
84600000 
84800000 
85300000 
85310000 
85500000 
89200000 
89250000 
