1 
40 
41 
60 
61 
205 
235 
236 
305 
306 
400 
670 
671 
676 
677 
678 
679 
680 
681 
682 
683 
825 
859 
860 
862 
863 
864 
910 
917 
968 
1000 
1010 
1020 
1030 
1031 
1050 
1051 
1052 
1053 
1060 
1061 
1070 
1071 
1072 
1073 
1090 
1091 
1092 
1098 
1099 
1100 
1200 
1210 
1211 
1220 
1221 
1222 
1230 
1240 
1250 
1290 
1291 
1295 
1296 
1300 
1301 
1302 
1303 
1304 
1305 
1306 
1307 
1308 
1309 
1310 
1311 
1312 
1313 
1314 
1315 
1316 
1317 
1318 
1319 
1320 
1325 
1330 
1335 
1340 
1350 
1400 
1410 
1420 
1430 
1431 
1440 
1510 
1550 
1560 
1561 
1570 
1591 
1600 
1610 
1620 
1702 
1703 
1704 
1710 
1750 
1751 
1800 
1801 
1802 
1803 
1804 
1805 
1806 
1807 
1808 
1809 
1810 
1811 
1910 
1911 
1920 
1921 
1932 
2100 
3010 
3020 
3030 
3040 
3100 
4000 
4010 
4020 
4030 
4040 
4900 
5000 
5001 
8000 
8010 
9000 
9010 
9020 
9021 
9022 
9030 
9031 
9032 
9033 
9040 
9041 
9050 
9051 
9060 
9061 
9070 
9080 
9081 
9082 
9090 
9200 
9201 
9202 
9300 
9900 
9901 
9902 
9903 
9904 
9905 
9906 
9907 
9908 
9910 
9911 
9913 
9914 
9915 
9916 
9917 
9918 
9930 
9932 
9950 
9951 
9952 
9953 
9954 
9955 
9956 
9957 
9958 
9959 
9960 
9961 
9962 
9963 
9964 
9965 
9967 
9968 
9980 
9981 
9992 
9993 
