11700000 
11701000 
12400000 
13700000 
13801000 
15000000 
15000001 
15000002 
15000003 
15200000 
15200002 
15200100 
15201000 
15201001 
15300000 
15300001 
15301000 
15301001 
15400000 
15401000 
15402000 
21300700 
21600000 
21700000 
30103000 
30601100 
30710900 
31500000 
31500001 
31600100 
31800000 
32100000 
32400000 
32501000 
33001900 
33004900 
33200000 
33400000 
50400000 
61101000 
61150000 
61911000 
62700000 
69200000 
69300000 
69500100 
69600000 
70050200 
70050201 
70360000 
72110000 
72500100 
72500300 
73000000 
73101000 
74300100 
74300300 
74300700 
74300701 
76020000 
76020100 
77100400 
84900000 
85320000 
85330000 
85340000 
85350000 
90000000 
90000010 
90000020 
90000030 
90000040 
99000000 
99000001 
99000002 
99000003 
99000004 
99000005 
99000006 
