340 
342 
343 
344 
760 
761 
762 
770 
771 
772 
773 
774 
775 
776 
777 
785 
786 
787 
788 
790 
791 
792 
794 
795 
796 
797 
907 
908 
909 
910 
980 
1000 
1001 
1002 
1003 
1010 
1100 
1200 
1201 
1210 
1211 
1212 
1300 
1400 
1402 
1410 
1411 
1412 
1420 
1501 
1502 
1510 
1511 
1520 
1521 
1600 
1601 
1610 
1611 
1613 
1614 
1615 
1620 
1621 
1630 
1640 
1641 
1700 
1710 
1800 
1801 
1810 
1811 
1812 
1813 
1814 
1815 
1816 
1900 
1901 
1910 
1911 
1912 
1913 
1920 
1921 
1922 
1923 
1930 
1931 
1932 
1940 
2000 
2001 
2010 
2011 
2020 
2021 
2022 
2023 
2030 
2031 
2100 
2200 
2210 
2211 
2212 
2213 
2214 
2300 
2310 
2400 
2410 
2500 
2600 
2601 
2602 
2610 
2620 
2621 
2630 
2700 
2800 
2801 
2810 
2811 
2812 
2813 
2814 
2900 
2910 
3000 
3010 
3011 
3020 
3100 
3101 
3102 
3110 
3111 
3200 
3300 
3400 
3500 
3600 
3700 
3701 
3702 
3710 
3810 
3811 
3812 
3813 
3850 
3900 
3901 
3902 
3910 
3911 
3912 
4100 
4101 
4102 
4110 
4111 
4112 
4113 
4114 
4115 
4116 
4117 
4118 
4119 
4120 
4121 
5000 
5100 
5101 
5102 
5200 
5201 
5202 
5203 
5210 
5211 
5212 
5301 
5302 
5320 
5330 
5500 
5501 
5502 
5503 
5504 
5510 
5511 
5512 
5513 
5514 
5700 
5701 
5702 
5703 
5710 
5711 
5720 
5721 
5730 
5731 
5732 
5750 
5800 
5801 
5802 
5900 
5910 
5911 
5912 
5913 
6000 
6001 
6002 
6003 
6004 
6010 
6100 
6110 
6111 
6200 
6201 
6202 
6203 
6204 
6205 
6206 
6300 
6301 
6400 
7000 
7001 
7004 
7005 
7008 
7009 
7010 
7012 
7020 
7101 
7102 
7103 
7104 
7105 
7107 
7108 
7200 
7201 
7202 
7505 
7506 
7600 
7602 
7603 
