337 
730 
731 
732 
735 
736 
737 
738 
740 
741 
742 
743 
744 
745 
903 
904 
905 
977 
1000 
1100 
1101 
1102 
1103 
1200 
1300 
1301 
1310 
1330 
1331 
1332 
1500 
1510 
1600 
1601 
1602 
1603 
1604 
1605 
1700 
1710 
1711 
1750 
1800 
1801 
1910 
1911 
2000 
2100 
2101 
2102 
2103 
2111 
2120 
2121 
2124 
2130 
2400 
2500 
2501 
2510 
2511 
2512 
2600 
2601 
2602 
2603 
2604 
2700 
2800 
2801 
2805 
2810 
2811 
2820 
2821 
2822 
2830 
2900 
2901 
2911 
2912 
2920 
3000 
3001 
3002 
3003 
3004 
3020 
3030 
3031 
3040 
3041 
3100 
3101 
4000 
4100 
4120 
4121 
4200 
4400 
4401 
4500 
4600 
4601 
4610 
4611 
4700 
4800 
4901 
4903 
4904 
4905 
4906 
5000 
5001 
5010 
5110 
5111 
5130 
5201 
5203 
5210 
5211 
5220 
5230 
5231 
5232 
5501 
5502 
5600 
5601 
5602 
5610 
5700 
5800 
5801 
5900 
5901 
5950 
6000 
6001 
6002 
6005 
6007 
6008 
6011 
6020 
6030 
7000 
7001 
7002 
7003 
7004 
7100 
7500 
7502 
7503 
7510 
7520 
7530 
7531 
7532 
7533 
7535 
7603 
7610 
7620 
7621 
7622 
7630 
7631 
7640 
7641 
7651 
8001 
8004 
8006 
8007 
8020 
8103 
8108 
8109 
8201 
8210 
8211 
8212 
8213 
8301 
8311 
8313 
8314 
8320 
8400 
8414 
9000 
9001 
9010 
9020 
9030 
9040 
9060 
9070 
9080 
9090 
9500 
9501 
9502 
