20600000 
21300000 
66500000 
66501000 
66600000 
66600001 
66600002 
66600010 
66600011 
66600012 
66600020 
66600021 
66600022 
66600100 
66600101 
66600110 
66600111 
66600120 
66600121 
66600200 
66600201 
66600210 
66600211 
66600220 
66600221 
66604000 
66604001 
66604010 
66604011 
66604020 
66604021 
66605000 
66605001 
66605010 
66605011 
66605020 
66605021 
66606000 
66606010 
66606020 
66607000 
67000000 
67000001 
67100000 
67100001 
67101000 
67200000 
67200001 
67200010 
67200011 
67200020 
67200021 
67200030 
67200031 
67200040 
67200041 
67400000 
68100000 
68200000 
68300000 
68500000 
68600000 
68700000 
69500000 
74300000 
86000000 
86100000 
86200000 
86300000 
86400000 
86500000 
86600000 
86700000 
86800000 
86900000 
88800000 
