30710000 
32100000 
32100010 
65800000 
65900000 
65900001 
65900010 
65900011 
65900020 
65900021 
65900022 
65900023 
65900300 
66000000 
66000001 
66000200 
66100000 
66100001 
66200000 
66200001 
66200002 
66200010 
66200011 
66200012 
66300000 
66300001 
66300100 
66300101 
66300400 
66301000 
66301001 
66301100 
66301101 
67700000 
67700001 
67700100 
67700101 
67800000 
67800001 
67800002 
67800010 
67800011 
67800012 
67800100 
67800101 
67800102 
67800110 
67800111 
67800112 
67900000 
67900100 
67900200 
69400000 
75201000 
80000010 
80000011 
80000020 
80000030 
80000031 
80000032 
80000033 
80000034 
80000035 
80000036 
80000037 
80000100 
80000101 
80000200 
80000201 
80000300 
80000301 
81000500 
83710001 
83720000 
84100000 
86200000 
86500000 
86710000 
87110000 
87700000 
87800000 
87900000 
88300000 
88310000 
88320000 
88500000 
88500001 
88510000 
88510001 
89000000 
89100400 
89200200 
90000010 
90000020 
90000030 
90000040 
90000041 
90000042 
90000043 
90000044 
90000045 
90000046 
90000047 
90000048 
90000050 
