11500000 
12501300 
12501304 
12501600 
20400000 
20500100 
20600000 
20900200 
22400000 
30100000 
30900100 
32100000 
32600000 
33700200 
33700203 
33700204 
33700207 
33700210 
33700211 
33700212 
33700213 
33700214 
33700215 
33700217 
33700220 
33700221 
33700222 
33700225 
33700226 
33700227 
33700228 
33701101 
33701102 
33701105 
33701110 
33702200 
33702201 
33702210 
33702211 
33702212 
33702213 
33702214 
33702217 
33702220 
33702221 
33702222 
60800000 
67100000 
67200000 
69300000 
69500000 
69600000 
72500100 
72500200 
75200100 
75200500 
75200600 
77100500 
81100000 
81400900 
82950000 
88700000 
89600000 
89650000 
