205 
600 
601 
602 
603 
604 
606 
607 
608 
609 
800 
916 
950 
1100 
1101 
1102 
1200 
1210 
1211 
1212 
1300 
1310 
1400 
1401 
1402 
1403 
1404 
1500 
1501 
1600 
1601 
2005 
2010 
2030 
2031 
2033 
2035 
2036 
2040 
2041 
3001 
3005 
3010 
4000 
4001 
4002 
4003 
4004 
4005 
4006 
4007 
4008 
4009 
4010 
4011 
4020 
4030 
4031 
4032 
4033 
4034 
4035 
4036 
4037 
4038 
4039 
4040 
4041 
4042 
4050 
4051 
4052 
4053 
5000 
6000 
6100 
7000 
7001 
7002 
7003 
7004 
7010 
7011 
7012 
7013 
7014 
7020 
7021 
7022 
7023 
7030 
7031 
7032 
7033 
7040 
7041 
7042 
9000 
9001 
9002 
9003 
9004 
9005 
9006 
9007 
9008 
9009 
9010 
9011 
9012 
9100 
9101 
9102 
9103 
9106 
