60 
61 
65 
66 
85 
86 
260 
261 
520 
521 
526 
527 
528 
853 
857 
923 
1000 
1005 
1081 
1082 
1083 
1084 
1085 
1086 
1090 
1100 
1102 
1105 
1106 
1110 
1111 
1112 
1113 
1114 
1115 
1116 
1117 
1118 
1119 
1120 
1121 
1122 
1123 
1124 
1125 
1126 
1127 
1140 
1160 
1161 
1162 
1163 
1170 
1171 
1180 
1190 
1191 
1192 
1250 
1251 
1260 
1261 
1266 
1270 
1271 
1272 
1273 
1274 
1275 
1277 
1278 
1280 
1300 
1401 
1410 
1411 
1500 
1600 
1601 
1602 
1603 
1604 
1605 
1641 
1650 
1651 
1660 
1680 
1700 
1710 
1711 
1712 
1720 
1721 
1722 
1770 
1771 
1772 
1784 
1789 
1790 
1800 
1810 
1820 
1830 
2000 
2020 
2030 
2031 
2032 
2033 
2041 
2050 
2060 
2200 
2210 
2230 
2231 
2235 
2236 
2240 
2255 
2260 
2261 
2262 
2263 
2300 
2305 
2310 
2350 
2351 
2352 
2353 
2354 
2356 
2360 
2500 
2501 
2502 
2503 
2504 
2510 
2520 
2521 
2522 
2600 
2601 
2602 
2603 
2610 
2611 
2612 
2650 
2651 
2660 
2661 
2680 
2700 
2710 
2711 
2712 
2713 
2714 
2720 
2721 
2730 
2731 
2740 
2810 
2820 
2830 
3100 
3110 
3150 
3160 
5000 
6000 
6001 
6200 
7000 
7001 
7002 
7010 
7011 
7020 
7021 
7100 
7101 
8000 
8001 
8100 
9000 
9100 
