40 
41 
90 
91 
590 
591 
592 
593 
594 
596 
597 
598 
851 
914 
947 
1000 
1100 
1110 
1111 
1120 
1210 
1211 
1301 
1305 
1310 
1324 
1325 
1327 
1329 
1360 
1400 
1402 
1410 
1411 
1420 
1421 
1490 
1500 
1530 
1531 
1532 
1560 
1561 
1562 
1570 
1571 
1580 
2020 
2021 
2080 
2081 
2090 
2300 
2400 
2500 
2503 
2505 
2510 
2520 
2521 
2522 
2523 
2700 
2710 
2711 
2712 
3000 
3100 
3101 
3110 
3111 
3112 
3120 
3121 
3123 
3124 
4210 
4211 
4212 
4213 
4260 
4310 
4400 
4401 
4402 
4403 
4404 
4405 
4500 
6000 
6001 
6010 
6020 
7001 
7002 
7003 
7005 
7006 
8000 
8500 
9500 
9501 
9502 
9503 
9504 
