11300000 
11300001 
11500000 
12302200 
12302201 
12500000 
12500001 
12500005 
12500006 
12500007 
12500010 
12500012 
12500020 
12500021 
12500022 
12500030 
12500040 
12500050 
12500051 
12500052 
12500053 
14100000 
15200000 
15201000 
20400000 
22700000 
22700010 
30102000 
30200000 
30200010 
30200100 
30200900 
30200910 
30330000 
31802000 
32400000 
32400001 
32500000 
62600000 
69300000 
69600000 
73200000 
73330000 
75200000 
75200001 
75200900 
75300000 
75300001 
75300900 
75301000 
76430000 
76430001 
76430002 
76800000 
76800001 
76800002 
81200000 
82000000 
85000000 
85000001 
85000002 
85100000 
