45 
46 
47 
65 
66 
90 
91 
195 
196 
245 
246 
556 
600 
605 
800 
801 
935 
1000 
1001 
1002 
1003 
1004 
1010 
1011 
1012 
1110 
1111 
1400 
1600 
1601 
1602 
1700 
1800 
1801 
1802 
1810 
2201 
2300 
2310 
2320 
2401 
2402 
2450 
2451 
2453 
2456 
2500 
2501 
2502 
2503 
2510 
2600 
2601 
2610 
3000 
3002 
3003 
3020 
3021 
3022 
3200 
3202 
3204 
3205 
3206 
3207 
3208 
3209 
3210 
3250 
3251 
3252 
3253 
3300 
3301 
3302 
3303 
3401 
3402 
3500 
3501 
3510 
3600 
3601 
3602 
3700 
3800 
3810 
3850 
4000 
4100 
4200 
4250 
4400 
4401 
4500 
4602 
4900 
4901 
4902 
5004 
5011 
5110 
5200 
5201 
5202 
5210 
5211 
5212 
7000 
7010 
7020 
7021 
7022 
7023 
7030 
7040 
7220 
7221 
7300 
7310 
7311 
7400 
8100 
8101 
8102 
8203 
8204 
8205 
8206 
8207 
8208 
8209 
8210 
8211 
9001 
9010 
9012 
9013 
9100 
