55 
56 
57 
58 
65 
66 
265 
266 
310 
311 
520 
521 
526 
527 
528 
529 
803 
911 
926 
1000 
1010 
1011 
1012 
1110 
1111 
1112 
1113 
1120 
1121 
1122 
1140 
1150 
1160 
1161 
1162 
1180 
1181 
1190 
1195 
1200 
1210 
1220 
1230 
1231 
1240 
1250 
1260 
1270 
1280 
1300 
1301 
1310 
1320 
2000 
2010 
2020 
2030 
2040 
2050 
2100 
2102 
2104 
2106 
2108 
2110 
2112 
2113 
2114 
2115 
2116 
2117 
2200 
2250 
2260 
2300 
2310 
2320 
2500 
2510 
2511 
2520 
2521 
2522 
2530 
2531 
2532 
2533 
2534 
2700 
2710 
2720 
2740 
3000 
3010 
3011 
3012 
3013 
3020 
3030 
3040 
3050 
3060 
3090 
3100 
3105 
3110 
3120 
3130 
3140 
3150 
3160 
3170 
3200 
3500 
3510 
3550 
3551 
3552 
3553 
3554 
3555 
3556 
3557 
3558 
3590 
3591 
4000 
4010 
4011 
4012 
4013 
4014 
4090 
4200 
4210 
4500 
4501 
4502 
4503 
4600 
4610 
5010 
5011 
5012 
5013 
5014 
5020 
5030 
5110 
5250 
5251 
5252 
5253 
5254 
5300 
5390 
5500 
5510 
5520 
5530 
5540 
5700 
5701 
5702 
5703 
5704 
5705 
6000 
6001 
6002 
6003 
6004 
6005 
6006 
6007 
6008 
6009 
6010 
6011 
6020 
6050 
6100 
6101 
6102 
6103 
6104 
6105 
6106 
6200 
6201 
6202 
6203 
6204 
6205 
6206 
7000 
7001 
7002 
7003 
7004 
7005 
7006 
7007 
7008 
7009 
7010 
7011 
7030 
7031 
7032 
7040 
7050 
7051 
7300 
7301 
7302 
7303 
7500 
7501 
7502 
7510 
7520 
7521 
8000 
8001 
8002 
8003 
8004 
8005 
8010 
8011 
8012 
8013 
8014 
8015 
8500 
9000 
9500 
