90 
91 
135 
136 
245 
246 
566 
567 
844 
938 
1000 
1100 
1110 
1220 
1500 
1510 
1600 
2000 
2100 
2110 
2200 
2201 
2300 
2301 
2500 
2600 
2605 
2610 
3010 
3500 
3501 
3502 
3510 
3511 
3520 
3600 
3620 
3630 
3700 
3710 
3800 
3810 
4100 
4110 
4120 
4200 
4210 
4220 
4230 
4300 
4301 
4302 
4500 
4540 
4550 
4560 
4600 
4610 
4720 
4800 
4810 
4850 
5000 
5010 
5011 
5030 
5040 
5041 
5050 
5200 
5201 
5210 
5211 
5220 
5221 
5230 
6000 
6010 
6020 
6030 
6040 
6050 
6100 
6110 
6120 
9000 
9001 
