55 
56 
57 
58 
65 
66 
265 
266 
310 
311 
520 
521 
526 
527 
528 
529 
803 
911 
926 
1000 
1110 
1111 
1112 
1113 
1120 
1121 
1122 
1140 
1160 
1161 
1162 
1180 
1181 
1190 
1195 
1200 
1210 
1220 
1230 
1240 
1250 
1260 
1280 
1301 
1310 
1320 
2010 
2020 
2050 
2100 
2102 
2104 
2108 
2113 
2114 
2115 
2116 
2117 
2200 
2250 
2260 
2300 
2310 
2320 
2500 
2510 
2511 
2520 
2521 
2522 
2530 
2531 
2532 
2533 
2534 
2700 
2720 
3000 
3010 
3011 
3012 
3013 
3020 
3030 
3050 
3060 
3090 
3110 
3130 
3150 
3200 
3500 
3510 
3551 
3552 
3553 
3554 
3556 
3557 
3558 
3590 
3591 
4000 
4010 
4012 
4013 
4090 
4500 
4501 
4502 
4600 
4610 
5010 
5011 
5013 
5020 
5030 
5110 
5251 
5252 
5253 
5254 
5300 
5390 
5500 
5510 
5520 
5530 
5700 
5702 
5703 
5705 
6000 
6001 
6003 
6005 
6006 
6007 
6008 
6009 
6010 
6011 
6020 
6050 
6101 
6102 
6103 
6104 
6105 
6202 
6203 
6206 
7000 
7001 
7002 
7003 
7004 
7005 
7006 
7007 
7008 
7009 
7010 
7030 
7032 
7040 
7300 
7301 
7303 
7501 
8000 
8001 
8002 
8003 
8004 
8005 
8010 
8011 
8012 
8013 
8014 
8015 
8500 
9000 
9500 
