20 
21 
25 
26 
660 
666 
667 
802 
965 
1300 
1400 
1410 
1500 
1501 
1600 
1700 
1810 
2000 
2100 
2200 
2302 
2303 
2304 
2305 
2310 
2400 
2410 
2800 
2810 
2900 
2901 
2902 
2910 
2911 
3000 
3001 
3002 
3003 
3010 
3100 
3110 
3200 
3201 
3210 
3300 
3311 
3320 
3321 
3323 
3324 
3325 
3340 
3400 
3500 
3501 
3502 
3503 
3504 
3650 
3651 
3670 
3671 
3672 
3673 
3680 
3681 
3682 
3683 
3684 
3710 
3800 
3900 
4000 
4100 
4210 
4220 
4250 
4260 
4270 
4280 
4300 
4400 
4401 
4410 
5000 
5001 
5002 
5300 
6010 
6020 
6021 
6022 
6110 
6200 
6210 
6300 
6301 
6302 
6303 
6310 
6311 
6312 
6400 
6402 
6403 
6500 
6600 
6601 
8033 
8051 
8052 
8053 
8055 
8056 
8057 
8058 
8059 
8060 
8061 
8062 
8063 
8500 
8521 
8531 
8532 
8540 
8541 
8542 
8543 
8544 
8551 
