205 
230 
240 
241 
680 
686 
690 
800 
915 
971 
1000 
1011 
1013 
1020 
1021 
1022 
1023 
1024 
1025 
1026 
1031 
1050 
1051 
1101 
1102 
1103 
1200 
1210 
1211 
1230 
1231 
1250 
1400 
1410 
1420 
1430 
1440 
1450 
1460 
1470 
1471 
1480 
1500 
1510 
1520 
1550 
1560 
1600 
1700 
1701 
1800 
1801 
2000 
2010 
2020 
2050 
2051 
2200 
2210 
2220 
2230 
2300 
2310 
2320 
2330 
2400 
2450 
2451 
3500 
3510 
3520 
3530 
3700 
3701 
3702 
4000 
7000 
7001 
7002 
7003 
7004 
7005 
7006 
7007 
7008 
7009 
7010 
7100 
8000 
9000 
9001 
9002 
9003 
9004 
9005 
9006 
9007 
9008 
9009 
9010 
9011 
9012 
9013 
9014 
