40 
41 
90 
91 
590 
591 
592 
593 
594 
596 
597 
598 
851 
914 
947 
1000 
1100 
1110 
1111 
1120 
1210 
1211 
1300 
1301 
1305 
1310 
1324 
1325 
1326 
1327 
1328 
1329 
1360 
1400 
1401 
1402 
1410 
1411 
1420 
1421 
1490 
1500 
1501 
1502 
1503 
1530 
1531 
1532 
1560 
1561 
1562 
1570 
1571 
1580 
1900 
2020 
2021 
2070 
2080 
2081 
2090 
2100 
2101 
2102 
2300 
2400 
2500 
2503 
2505 
2510 
2520 
2521 
2522 
2523 
2700 
2710 
2711 
2712 
3000 
3100 
3101 
3102 
3110 
3111 
3112 
3120 
3121 
3122 
3123 
3124 
4210 
4211 
4212 
4213 
4260 
4310 
4400 
4401 
4402 
4403 
4404 
4405 
4500 
6000 
6001 
6010 
6020 
7000 
7001 
7002 
7003 
7004 
7005 
7006 
8000 
8500 
9000 
9001 
9002 
9003 
9004 
9005 
9006 
9007 
9008 
9009 
9010 
9011 
9012 
9013 
9014 
9015 
9016 
9017 
9018 
9019 
9500 
9501 
9502 
9503 
9504 
