12300000 
12400000 
12400001 
12400030 
12401000 
12401001 
12401020 
12402000 
12402030 
12403000 
12404000 
12405000 
12405010 
12406000 
12407000 
12700000 
12700010 
12700020 
12700030 
12700040 
12700050 
12700090 
13200000 
13200100 
13200200 
13900001 
13900011 
14700000 
14900000 
14900100 
20400000 
20500000 
21300000 
31100000 
31200000 
31200001 
31600000 
32100000 
50000000 
50100000 
69400000 
70400000 
70400001 
70401000 
72600000 
72600001 
74400000 
74400001 
75200000 
75200001 
76200000 
76200001 
82950000 
84100000 
84910000 
89150000 
