21301400 
30600700 
30600701 
30601901 
31900800 
31901100 
65000000 
65000001 
65000002 
65000010 
65000011 
65000012 
65000020 
65000021 
65000022 
65000030 
65000031 
65001000 
65001001 
65001010 
65001011 
65001020 
65001021 
65001030 
65001031 
65100000 
65100001 
65100010 
65100011 
65100020 
65100021 
65100030 
65300000 
65300001 
65300010 
65300011 
65300020 
65300021 
65300100 
65300101 
65300400 
65300401 
65300402 
65300500 
65300501 
65300600 
65300601 
65301000 
65301001 
65301010 
65301011 
65301012 
65301020 
65301021 
65302000 
65302001 
65302010 
65302011 
65302012 
65302013 
65302020 
65302021 
65303000 
65303001 
65303010 
65303011 
65303020 
65303021 
65400000 
65600000 
65600001 
65600010 
65600011 
65600020 
65600021 
65600030 
65700000 
65700001 
65700002 
65700010 
65700011 
65700012 
67500000 
68000000 
68800000 
68900000 
69400000 
82100010 
82100021 
82100030 
82100031 
82100040 
82100041 
82100042 
82100043 
82100044 
84000000 
87500000 
87500100 
87600000 
87600100 
