700 
710 
711 
712 
713 
714 
715 
720 
721 
722 
723 
900 
901 
974 
1010 
1050 
1051 
1052 
1060 
1061 
1062 
1063 
1070 
1100 
1101 
1200 
1201 
1400 
1411 
1600 
1601 
1800 
1801 
1802 
1803 
1804 
2000 
2200 
2201 
2400 
2401 
2403 
2404 
2405 
2410 
2500 
2501 
2502 
2503 
2600 
2601 
2602 
3200 
3201 
4001 
4002 
4200 
4201 
4202 
4203 
4400 
4402 
4410 
4600 
4601 
4602 
4800 
4801 
4802 
4803 
4804 
4805 
4806 
4807 
4808 
4809 
4810 
5000 
5002 
5200 
5201 
5202 
5400 
5800 
5801 
5802 
6000 
6001 
6002 
6003 
6004 
6500 
6510 
6530 
6531 
6540 
6550 
6600 
6601 
6602 
6603 
6700 
7000 
7001 
7010 
7011 
7012 
8000 
8001 
8002 
8003 
8010 
8200 
8201 
8202 
8203 
8204 
8205 
8206 
8300 
8301 
8302 
8401 
8404 
8405 
8410 
8420 
8500 
8501 
8502 
8503 
8504 
8505 
8506 
8507 
8508 
9000 
