10200000 
10200020 
10200021 
10201000 
10201020 
10201021 
10201081 
10201082 
10201098 
10201100 
10201120 
10202000 
10202091 
10203000 
10203093 
10204000 
10300000 
10300010 
10300020 
10301000 
10301020 
10301035 
10301036 
10302000 
10302020 
10302030 
10302040 
10302093 
10303000 
10303010 
10303092 
10304000 
13200000 
13200010 
13201000 
13201010 
13203000 
15100000 
15100001 
15100092 
15100094 
15200000 
15201000 
15301000 
21310000 
30000000 
30000010 
30100000 
30960000 
31800000 
31800010 
60100000 
60100010 
60100020 
69600000 
74300000 
74300001 
74400000 
74400001 
74400010 
75100000 
75100001 
75400000 
75400001 
77100000 
81000000 
81000001 
81000010 
81000020 
90000001 
90000002 
91000000 
91000001 
