90 
91 
95 
96 
145 
146 
147 
165 
166 
167 
540 
541 
546 
547 
548 
549 
550 
845 
846 
847 
848 
912 
932 
1000 
1001 
1010 
1011 
1012 
1013 
1014 
1015 
1016 
1100 
1300 
1400 
1404 
1500 
1501 
1610 
1650 
1800 
1801 
1900 
2000 
2010 
2011 
2100 
2200 
2201 
2202 
2203 
2400 
2410 
2611 
2700 
2800 
2801 
2810 
2811 
2812 
2830 
2831 
2832 
2833 
2834 
4000 
4010 
4020 
4030 
4100 
5100 
5200 
5201 
5300 
5301 
5302 
5310 
5442 
5443 
5444 
5445 
5446 
5447 
5448 
5461 
5470 
5471 
5482 
5484 
5485 
5486 
5488 
5501 
5510 
5520 
5530 
5531 
5532 
5534 
5600 
5601 
5602 
6002 
6003 
6007 
6008 
6009 
6010 
6015 
6016 
6020 
6021 
6031 
6110 
6310 
6500 
6501 
6502 
6503 
6504 
6505 
6506 
6510 
6511 
7000 
7001 
7002 
7003 
7004 
7005 
7006 
8000 
8001 
8002 
8003 
8004 
8010 
8011 
8012 
8013 
8014 
8100 
8101 
8200 
8201 
8202 
9100 
9900 
9990 
