55 
56 
155 
156 
275 
276 
580 
586 
587 
816 
839 
840 
841 
944 
1110 
1111 
1112 
1114 
1115 
1120 
1121 
1122 
1123 
1125 
1200 
1205 
1206 
1500 
2000 
2002 
2003 
2004 
2005 
2006 
2007 
2010 
2011 
2014 
2015 
2016 
2017 
2020 
2021 
2023 
2026 
2029 
2030 
2100 
2400 
2401 
2402 
2500 
2700 
3000 
3001 
3016 
3101 
3103 
3105 
3110 
3111 
3112 
3113 
3123 
3201 
3210 
3220 
3250 
3260 
3261 
3310 
3400 
3500 
4000 
4003 
4010 
4012 
4013 
4020 
4050 
4053 
4054 
4055 
4060 
4100 
4102 
4105 
4107 
4110 
4111 
4112 
4122 
4125 
4126 
4127 
4128 
4129 
4130 
4140 
4200 
5000 
5003 
5005 
5006 
5010 
5011 
5012 
5013 
5014 
5015 
5016 
5017 
5020 
5100 
5101 
5102 
5200 
5201 
5210 
5211 
5212 
5213 
5214 
5220 
5221 
5222 
5223 
5224 
5225 
5226 
5227 
5228 
5229 
5230 
5231 
6000 
6001 
6002 
6003 
6004 
6005 
6006 
6030 
6031 
8000 
8001 
8500 
9000 
9001 
9002 
9003 
9004 
9500 
