0 
100 
10100 
10300 
10500 
20100 
20300 
20500 
30100 
30300 
30500 
12100000 
30900000 
30970000 
31400000 
31500000 
60100000 
110000110 
110203410 
110300110 
110700410 
110800510 
111500110 
111800310 
112100210 
112101100 
112102100 
112103100 
112300610 
112300710 
112301310 
112400610 
112400810 
112401510 
112401610 
112402610 
112402710 
112500110 
113200610 
113201510 
113201610 
113202410 
113300210 
113600010 
113700210 
113700310 
113800510 
113900410 
113901110 
114000110 
114100510 
114700210 
115000610 
115000710 
115100610 
115110510 
120300410 
120300510 
120900310 
120900410 
120900510 
120900610 
121400010 
121700510 
121700610 
122000110 
122400010 
122400110 
130000210 
130000310 
130102310 
130200210 
130330310 
130330810 
130400010 
130400110 
130700010 
130700510 
130710010 
130710510 
131200710 
131300610 
131300710 
131301610 
131301710 
131500310 
131600410 
131600510 
131800310 
132100010 
132100110 
132100510 
132600510 
133201510 
133400710 
133400810 
150000110 
150100310 
150200610 
150300510 
150650310 
150700410 
150900110 
151100710 
160200410 
162500710 
162600710 
165100310 
165900810 
167700210 
167800810 
167900910 
168000810 
168000910 
168300310 
169000510 
169000610 
172400410 
174200610 
174200710 
174201610 
174201710 
174300610 
174300710 
174401510 
175100510 
175100610 
175200410 
175200610 
175500310 
175500410 
177000310 
177000410 
178500310 
178500410 
199999999 
