0 
10000 
10010 
10020 
10030 
10040 
10050 
10060 
10070 
10080 
10090 
10100 
10110 
10120 
10130 
10140 
10150 
10160 
10170 
10180 
10190 
10200 
10210 
10220 
10230 
10240 
10250 
10260 
10270 
10280 
11000 
11010 
11020 
11030 
11040 
11050 
11060 
11070 
11080 
11090 
11100 
11110 
11120 
11130 
11140 
11150 
11160 
11170 
11180 
11190 
11200 
11210 
11220 
11230 
11240 
106000 
154000 
154001 
212000 
223500 
226100 
303300 
305000 
305010 
309600 
309610 
309700 
309701 
318000 
324000 
324001 
325000 
326000 
326001 
332000 
332001 
333000 
333001 
500000 
501000 
501001 
503000 
503001 
504000 
504001 
506100 
514500 
600000 
602000 
603000 
603001 
607000 
607001 
611000 
619100 
619101 
625000 
626000 
626001 
627000 
675000 
675010 
679000 
679010 
680000 
681000 
682000 
690000 
862000 
862001 
1307000 
1307100 
1502000 
1502010 
1506000 
1700000 
1701000 
1704000 
1705000 
1705100 
1705300 
1721000 
1723000 
1724000 
1725000 
1726000 
1741000 
1741010 
1742000 
1742010 
1743000 
1744000 
1744010 
1744020 
1751000 
1751010 
1752000 
1752010 
1752020 
1753000 
1753010 
1753020 
1754000 
1756000 
1757000 
1758000 
1759000 
1760000 
1760010 
1760020 
1760100 
1760110 
1760120 
1760200 
1761000 
1762000 
1763000 
1764000 
1764300 
1766000 
1768000 
1769000 
1770000 
1771000 
1771010 
1771020 
1771030 
1771040 
1772000 
1776000 
1777000 
1783040 
1784000 
1785040 
1786000 
1787000 
1788000 
1788010 
1788020 
1788030 
2001000 
2001011 
2001012 
2001013 
2002000 
2002011 
2002012 
2002013 
2003000 
2003011 
2003012 
2003013 
2004000 
2004011 
2004012 
2004013 
2005000 
2005011 
2005012 
2005013 
2006000 
2006011 
2006012 
2006013 
2007000 
2007011 
2007012 
2007013 
2008000 
2008011 
2008012 
2008013 
2009000 
2009011 
2009012 
2009013 
3001000 
3002000 
3004000 
3005000 
3006000 
3007000 
3008000 
3009000 
3010000 
3011000 
3012000 
3013000 
3014000 
3015000 
3016000 
3017000 
3018000 
3019000 
3020000 
3021000 
10025010 
10026000 
10026001 
10026020 
10026030 
10026031 
10026040 
10026050 
10026060 
10026070 
10026080 
10026090 
10026100 
10027000 
10045000 
10045001 
10045002 
10045010 
10045020 
10045030 
10045040 
10045050 
10045060 
10045070 
10045500 
10045600 
10046000 
10046010 
10046020 
10046030 
10046040 
10046050 
10046060 
10046070 
10046080 
10046090 
10046100 
10046110 
10046120 
10046130 
10046140 
10046150 
10105010 
10105020 
10105021 
10105030 
10105040 
10105041 
10105050 
10105070 
10105080 
10105090 
10105100 
10105110 
10105120 
10105130 
10105140 
10105150 
10106000 
10106010 
10106020 
10106030 
10106050 
10106060 
10106061 
10106070 
10106080 
10106090 
10106100 
10106110 
10106120 
10106130 
10106140 
10106150 
10106160 
10106170 
10106180 
10106190 
10106200 
10106210 
10106220 
10106230 
10106240 
10106250 
10106260 
10106270 
10106280 
10106290 
10106300 
10106310 
10106320 
10106321 
10106340 
10106350 
10106360 
10106370 
10106371 
10106380 
10106390 
10106400 
10106410 
10106420 
10106430 
10106440 
10106450 
10106460 
10106470 
10106480 
10106490 
10106500 
10106510 
10106520 
10106530 
10106540 
10106550 
10106560 
10106570 
10106580 
10106590 
10106600 
10106610 
10106620 
10106630 
10145050 
10145060 
10145061 
10145070 
10145080 
10145110 
10145120 
10145130 
10146000 
10146010 
10146020 
10146030 
10146040 
10146050 
10146051 
10146060 
10146070 
10146080 
10146090 
10146100 
10146110 
10146120 
10146130 
10146140 
10146150 
10146160 
10146170 
10146180 
10146181 
10146190 
10146200 
10146210 
10146220 
10146230 
10146240 
10146250 
10146260 
10146270 
10146280 
10146290 
10146300 
10146310 
10146320 
10146330 
10146340 
10146350 
10146360 
10146370 
10146380 
10146381 
10146390 
10146400 
10146410 
10146420 
10146430 
10146440 
10146450 
10146460 
10146470 
10146480 
10146490 
10146500 
10146510 
10146520 
10155000 
10155010 
10155020 
10155030 
10156000 
10156010 
10156020 
10156030 
10156031 
10156040 
10156050 
10156060 
10156070 
10156080 
10156090 
10156100 
10156130 
10156140 
10156150 
10156160 
10156161 
10156170 
10156180 
10156190 
10156200 
10165000 
10165010 
10165020 
10165040 
10165041 
10165050 
10165070 
10165080 
10165110 
10165120 
10165130 
10165140 
10165150 
10165160 
10165170 
10165180 
10165190 
10165200 
10165210 
10165220 
10165230 
10165240 
10165250 
10165260 
10166000 
10166010 
10166020 
10166030 
10166040 
10166050 
10166060 
10166070 
10166080 
10166090 
10166100 
10166110 
10166120 
10166130 
10166140 
10166150 
10166160 
10166170 
10166180 
10166190 
10166191 
10166200 
10166230 
10166250 
10166260 
10166270 
10166280 
10166290 
10166300 
10166310 
10166320 
10166330 
10166350 
10166360 
10166370 
10166380 
10166390 
10166400 
10166410 
10166420 
10166421 
10166430 
10166440 
10166441 
10166450 
10166460 
10166470 
10166480 
10166490 
10175020 
10175021 
10175030 
10175040 
10175050 
10175060 
10175070 
10175090 
10175110 
10175120 
10175130 
10175140 
10175150 
10175160 
10176000 
10176010 
10176020 
10176030 
10176040 
10176050 
10176060 
10176070 
10176080 
10176090 
10176100 
10176110 
10176120 
10176130 
10176140 
10176150 
10176160 
10176170 
10176171 
10176180 
10176190 
10176200 
10176210 
10176220 
10176221 
10176230 
10176231 
10176250 
10176260 
10176270 
10176280 
10176290 
10176300 
10176340 
10176350 
10176370 
10176390 
10176400 
10176410 
10176420 
10176430 
10176440 
10176450 
10176460 
10176461 
10176470 
10176480 
10176490 
10176500 
10176510 
10176520 
10176530 
10176540 
10176550 
10176560 
10176570 
10176580 
10176590 
10176600 
10176610 
10176620 
10176630 
10185000 
10185001 
10185030 
10185040 
10185050 
10185060 
10185070 
10185071 
10185080 
10185081 
10185100 
10185110 
10185120 
10186000 
10186010 
10186020 
10186021 
10186030 
10186050 
10186070 
10186071 
10186100 
10186110 
10186120 
10186130 
10186140 
10186150 
10186160 
10186170 
10195000 
10195001 
10195030 
10195040 
10195050 
10195060 
10195090 
10195100 
10195110 
10195120 
10195130 
10195140 
10195150 
10196000 
10196010 
10196020 
10196030 
10196040 
10196050 
10196060 
10196070 
10196080 
10196090 
10196100 
10196110 
10196111 
10196120 
10196130 
10196140 
10196150 
10196160 
10196170 
10196180 
10196190 
10196200 
10196210 
10196211 
10196220 
10235010 
10235020 
10236000 
10236010 
10236020 
10236021 
10236030 
10236040 
10236050 
10236060 
10236070 
10236071 
10236080 
10236090 
10236100 
10236110 
10236120 
10236130 
10236131 
10236140 
10236150 
10236160 
10236170 
10236180 
10236190 
10236200 
10236210 
10236220 
10236230 
10236240 
10236250 
10236260 
10236270 
10255010 
10255020 
10255030 
10255040 
10255050 
10255090 
10255100 
10255110 
10255120 
10255130 
10256000 
10256030 
10256060 
10256090 
10256130 
10256160 
10256170 
10256210 
10256220 
10256230 
10256240 
10256250 
10256260 
10256270 
10256280 
10256290 
10256300 
10256310 
10256320 
10256330 
10256340 
10256350 
10256360 
10256370 
10256380 
10256390 
10256400 
10256410 
10256420 
10256430 
10256440 
10256450 
10256500 
10275000 
10275010 
10275020 
10275021 
10275030 
10275040 
10275050 
10275060 
10275070 
10276000 
10276010 
10276020 
10276030 
10276040 
10276041 
10276050 
10276060 
10276061 
10276070 
10276080 
10276090 
10276100 
10276110 
10276120 
10276130 
10276140 
10276150 
10276160 
10276170 
10276180 
10276190 
10295000 
10296000 
10296010 
10296020 
10305010 
10305020 
10306000 
10306010 
10306020 
10306030 
10315000 
10315001 
10315010 
10315020 
10315030 
10316010 
10316040 
10316041 
10316050 
10316090 
10316100 
10316101 
10316110 
10325000 
10325001 
10325010 
10325020 
10325030 
10325040 
10325050 
10325060 
10325080 
10325100 
10325110 
10325120 
10326000 
10326010 
10326020 
10326030 
10326040 
10326060 
10326070 
10326080 
10326081 
10326090 
10326100 
10326101 
10326110 
10326120 
10326130 
10326140 
10326141 
10326150 
10326160 
10326170 
10326180 
10326190 
10326191 
10326200 
10326210 
10326220 
10326230 
10326240 
10326250 
10326260 
10326270 
10326280 
10335000 
10335010 
10335020 
10335021 
10335030 
10335031 
10335040 
10336000 
10336010 
10336011 
10336020 
10336040 
10336041 
10336050 
10336060 
10336070 
10336080 
10345000 
10345010 
10345020 
10346000 
10346010 
10346020 
10346030 
10346031 
10346040 
10346050 
10346060 
10346070 
10346080 
10346090 
10346091 
10346100 
10346110 
20105000 
20105001 
20105010 
20105020 
20105030 
20105040 
20105050 
20105060 
20106000 
20106010 
20106011 
20106020 
20106030 
20106040 
20106050 
20106060 
20106061 
20106070 
20106080 
20106090 
20106100 
20106110 
20106111 
20106120 
20106130 
20106140 
20106141 
20106150 
20115000 
20115010 
20115020 
20115030 
20115040 
20115050 
20115051 
20115060 
20115070 
20115080 
20115090 
20115100 
20115110 
20115500 
20116000 
20116010 
20116011 
20116020 
20116030 
20116040 
20116060 
20116070 
20116080 
20116090 
20116100 
20116110 
20116120 
20116130 
20116140 
20116150 
20116160 
20116170 
20116171 
20116190 
20116200 
20116210 
20116220 
20215000 
20215010 
20215011 
20215020 
20215021 
20215040 
20215041 
20215050 
20215060 
20215070 
20215080 
20215090 
20215100 
20215110 
20215120 
20215130 
20215140 
20215150 
20215160 
20215170 
20216000 
20216010 
20216020 
20216021 
20216030 
20216040 
20216050 
20216060 
20216061 
20216070 
20216080 
20216090 
20216100 
20216110 
20216120 
20216130 
20216140 
20245000 
20245010 
20245020 
20245030 
20245040 
20245050 
20245070 
20245080 
20245090 
20245100 
20246000 
20246010 
20246011 
20246030 
20246040 
20246050 
20246070 
20246100 
20246110 
20246111 
20246120 
20246121 
20246130 
20246140 
20246150 
20246151 
20246180 
20246190 
20246200 
20246210 
20246220 
20246500 
20265000 
20266000 
40035000 
40036000 
50000000 
50000001 
50000002 
50000003 
50000100 
50000101 
50000102 
50000103 
50000200 
50000201 
50000202 
50000203 
50000300 
50000301 
50000302 
50000303 
50001000 
50355010 
50355020 
50355030 
50355050 
50355060 
50355070 
50355080 
50355090 
50355100 
50355110 
50355120 
50355130 
50355140 
50355150 
50355180 
50355190 
50355200 
50355210 
50355220 
50355230 
50355240 
50355250 
50355260 
50355270 
50355280 
50355330 
50355340 
50355350 
50356000 
50356010 
50356020 
50356030 
50356040 
50356050 
50356060 
50356070 
50356080 
50356090 
50356100 
50356110 
50356130 
50356140 
50356150 
50356160 
50356170 
50356180 
50356190 
50356200 
50356210 
50356220 
50356230 
50356240 
50356250 
50356260 
50356270 
50356280 
50356290 
50356300 
50356310 
50356320 
50356330 
50356340 
50356350 
50356360 
50356370 
50356380 
50356390 
50356400 
50356410 
50356420 
50356430 
50356440 
50356450 
50356460 
50356470 
50356480 
50356490 
50356500 
50356510 
50356520 
50356530 
50356540 
50356560 
50356570 
50356580 
50356590 
50356600 
50356610 
50356620 
50356630 
50356640 
50356650 
50356660 
50356670 
50365000 
50365010 
50365020 
50365030 
50365040 
50365050 
50365060 
50365070 
50365080 
50365090 
50365500 
50365510 
50365530 
50365540 
50365550 
50365560 
50365570 
50365580 
50365590 
50365600 
50365610 
50365620 
50365630 
50365640 
50365650 
50365660 
50365670 
50365680 
50365690 
50365700 
50366000 
50366020 
50366030 
50366040 
50366070 
50366120 
50366130 
50366140 
50366150 
50366160 
50366170 
50366200 
50366210 
50366220 
50366230 
50366240 
50366250 
50366260 
50366270 
50366280 
50366290 
50366300 
50366310 
50366320 
50366330 
50366340 
50366350 
50366360 
50366370 
50366380 
50366390 
50366400 
50366410 
50366420 
50366430 
50366440 
50366450 
50366460 
50366470 
50366480 
50366490 
50366500 
50366510 
50366520 
50366530 
50366540 
50366550 
50366560 
50366570 
50366580 
50366590 
50366600 
50366610 
50366620 
50366630 
50366640 
50366650 
50366660 
50366670 
50366680 
50366690 
50366700 
50366710 
50366720 
50366730 
50366740 
50366750 
50366760 
50366770 
50366780 
50366790 
50366800 
50366810 
50366820 
50366830 
50366840 
50366850 
50366860 
50366870 
50366880 
50366890 
50366900 
50366910 
50366920 
50366930 
50366940 
50366950 
50366960 
50366970 
50366980 
50366990 
50367000 
50367010 
50367020 
50367030 
50367040 
50367050 
50367060 
50367070 
50367080 
50367090 
50367100 
50367110 
50367120 
50367130 
50367140 
50368000 
50368010 
50368020 
50368030 
50368040 
50368050 
50368060 
50368070 
50368080 
50368090 
50375500 
50375510 
50375520 
50375530 
50375540 
50375550 
50375560 
50375570 
50375580 
50375590 
50375600 
50375610 
50375620 
50375630 
50375640 
50375650 
50375660 
50375670 
50375680 
50375690 
50375700 
50375710 
50375720 
50375730 
50375740 
50376000 
50376010 
50376020 
50376030 
50376040 
50376050 
50376060 
50376070 
50376080 
50376090 
50376100 
50376110 
50376120 
50376130 
50376140 
50376150 
50376160 
50376170 
50376180 
50376190 
50376200 
50376210 
50376220 
50376230 
50376240 
50376250 
50376260 
50376270 
50376280 
50376290 
50376300 
50376310 
50376320 
50376330 
50376340 
50376350 
50376360 
50376370 
50376380 
50376390 
50376400 
50376410 
50376420 
50376430 
50376440 
50376450 
50376460 
50376470 
50376490 
50376510 
50376520 
50376530 
50376540 
50376550 
50376560 
50376570 
50376580 
50376590 
50376600 
50376610 
50376620 
50376630 
50376640 
50376650 
50376660 
50376670 
50376680 
50376690 
50376710 
50376730 
50376740 
50376750 
50376760 
50376770 
60001000 
60002000 
60003000 
60004000 
60005000 
60006000 
60007000 
60007100 
60007200 
60007300 
60008000 
60008100 
60008110 
60009000 
60010000 
60011000 
60012000 
60012010 
60012020 
60012030 
60012040 
60012050 
60012060 
60012070 
60012080 
60012090 
60012100 
60013000 
60014000 
60015000 
60016000 
60019000 
60020000 
60030000 
60031000 
60040000 
60041000 
60042000 
60043000 
60044000 
60044001 
60045000 
60046000 
60046001 
60050000 
70000000 
90000000 
90000001 
99995000 
99995001 
99995002 
99995003 
99995004 
99995005 
99995006 
99995007 
99995008 
99996000 
99996001 
99996002 
99996003 
99996004 
99996005 
99996006 
99996007 
99996008 
