0 
10 
20 
30 
40 
1020000 
1020100 
1020200 
1020300 
1040000 
1040100 
1040200 
1040300 
1040400 
1040500 
1100000 
1100100 
1100200 
1100201 
1100500 
1101000 
1105000 
1105100 
1105200 
1105300 
1105400 
1106000 
1107000 
1140000 
1140100 
1140200 
1140300 
1140400 
1140500 
1141000 
1141100 
1141200 
1143000 
1148000 
1150000 
1151000 
1153000 
1153100 
1153200 
1153300 
1153400 
1153500 
1154000 
1154100 
1154200 
1154300 
1154400 
1156000 
1156100 
1156200 
1157000 
1157100 
1158000 
1160000 
1164000 
1164100 
1165000 
1165100 
1165200 
1165300 
1165400 
1166000 
1166100 
1166200 
1168000 
1171000 
1171100 
1171200 
1173000 
1178000 
1181000 
1186000 
1190000 
1190001 
1190500 
1191000 
1193000 
1194100 
1230000 
1230001 
1230200 
1230500 
1231000 
1236000 
1238000 
1238100 
1238200 
1238300 
1238400 
1250000 
1250500 
1250501 
1253000 
1256000 
1256100 
1256200 
1256300 
1256400 
1270000 
1270100 
1270200 
1271000 
1271100 
1271200 
1271300 
1271400 
1271500 
1271600 
1271700 
1271800 
1271900 
1272000 
1310000 
1310100 
1310200 
1310300 
1310400 
1310500 
1311000 
1320000 
1320100 
1320200 
1320500 
1321000 
1328000 
1328100 
1328200 
1330000 
1330100 
1330200 
1330300 
1331000 
1333000 
1336000 
1341000 
2110000 
2115000 
2115100 
2116000 
2118000 
2118100 
2118200 
2210501 
2210601 
2210602 
2210700 
2211000 
2213000 
2213001 
2214000 
2214100 
2216000 
2216100 
2216200 
2240000 
2240001 
2240100 
2240200 
2240500 
2246000 
2246100 
2246200 
2246300 
2246400 
2246500 
2246600 
2246700 
2246800 
2246900 
2247000 
2247100 
2247200 
2247300 
2247400 
2248000 
4030000 
4030001 
4030002 
4030003 
4030004 
4030005 
4030006 
4030007 
5000000 
5001000 
5002000 
5003000 
5004000 
5005000 
5006000 
5007000 
5008000 
5009000 
5035000 
5035100 
5035200 
5035300 
5036000 
5037100 
5037200 
5037300 
5037400 
5037500 
6000000 
10000000 
10000100 
10001000 
10002000 
10100000 
10100100 
10200000 
10201000 
10202000 
10203000 
10204000 
10205000 
10210000 
10211000 
10213000 
10214000 
10300000 
10300100 
10301000 
10301100 
10302000 
10302100 
10302200 
10303000 
10303100 
10303200 
10304000 
10304100 
10305000 
10305100 
10310000 
10310100 
10311000 
10311100 
10312000 
10312100 
10313000 
10313100 
10500000 
10501000 
10600000 
10620000 
10700000 
10800000 
10801000 
10802000 
11300000 
11301000 
11302000 
11500000 
11500100 
11501000 
11700000 
11800000 
11800100 
11820000 
11900000 
12100000 
12101000 
12102000 
12103000 
12300000 
12300001 
12300100 
12300200 
12300300 
12301000 
12302000 
12303000 
12400000 
12400100 
12401000 
12402000 
12403000 
12500000 
12500100 
12500200 
12501000 
12502000 
12503000 
12504000 
12504100 
12505000 
12700000 
12700100 
12700200 
12700300 
12700400 
12700500 
12701000 
12701100 
12702000 
12900000 
12901000 
13100000 
13101000 
13102000 
13200000 
13200100 
13200600 
13200700 
13201000 
13201500 
13202000 
13203000 
13300000 
13301000 
13302000 
13400000 
13500000 
13501000 
13502000 
13503000 
13504000 
13505000 
13701000 
13800000 
13801000 
13900000 
13900100 
13900200 
13901000 
14100000 
14100100 
14600000 
14601000 
14602000 
14700000 
14700100 
14800000 
14801000 
14802000 
14803000 
14900000 
15000000 
15100000 
15120000 
15120100 
15121000 
15200000 
15200100 
15200101 
15201000 
15201100 
15201101 
15300000 
15300100 
15300200 
15300300 
15300900 
15301000 
15301100 
15301200 
15301300 
15301900 
15400000 
15500000 
15500100 
15700000 
15701000 
15702000 
15703000 
20300000 
20300001 
20400000 
20500000 
20500100 
20510000 
20510100 
20510200 
20600000 
20600100 
20600200 
20900000 
20900100 
20900200 
21000000 
21000100 
21000200 
21000300 
21000400 
21000500 
21000600 
21200000 
21300000 
21400000 
21600000 
21700000 
21700100 
22000000 
22000100 
22000200 
22200000 
22200100 
22200200 
22300000 
22400000 
22600000 
22610000 
22620000 
22700000 
22700100 
22700200 
30000000 
30000100 
30000200 
30100000 
30100001 
30100100 
30101000 
30101001 
30101100 
30102000 
30102001 
30103000 
30103001 
30200000 
30330000 
30400000 
30401000 
30500000 
30501000 
30600000 
30601000 
30601100 
30700000 
30710000 
30711000 
30800000 
30810000 
30900000 
30900100 
30960000 
30970000 
31100000 
31200000 
31201000 
31201100 
31202000 
31202100 
31203000 
31203100 
31203200 
31204000 
31205000 
31300000 
31300100 
31300200 
31301000 
31301100 
31301200 
31302000 
31303000 
31303100 
31303200 
31400000 
31400100 
31500000 
31600000 
31600100 
31700000 
31800000 
31801000 
31900000 
31901000 
32100000 
32101000 
32400000 
32500000 
32600000 
32700000 
33000000 
33001000 
33001100 
33002000 
33003000 
33004000 
33004100 
33004200 
33100000 
33101000 
33102000 
33103000 
33104000 
33200000 
33300000 
33400000 
33700000 
33700100 
33700200 
33700300 
33700400 
33700500 
33700600 
33701000 
33701100 
33702000 
33702100 
33702200 
33702300 
50000000 
50001000 
50100000 
50200000 
50300000 
50400000 
50610000 
50620000 
50650000 
50700000 
50800000 
50900000 
51100000 
51200000 
51460000 
60000000 
60100000 
60101000 
60200000 
60300000 
60310000 
60700000 
60800000 
61100000 
61911000 
62500000 
62600000 
62700000 
62800000 
65000000 
65000100 
65100000 
65100100 
65300000 
65300100 
65301000 
65301100 
65302000 
65302100 
65303000 
65303100 
65400000 
65600000 
65600100 
65700000 
65900000 
65901000 
66000000 
66100000 
66101000 
66200000 
66300000 
66301000 
66500000 
66501000 
66600000 
66600100 
66601000 
66602000 
66604000 
66604100 
66605000 
66606000 
67000000 
67100000 
67100100 
67110000 
67110100 
67200000 
67400000 
67500000 
67700000 
67701000 
67800000 
68000000 
68000100 
68100000 
68100100 
68200000 
68300000 
68400000 
68800000 
68900000 
68901000 
69600000 
70050000 
70150000 
70360000 
70450000 
70550000 
70560000 
70580000 
72110000 
72300000 
72400000 
72500000 
72600000 
73000000 
73101000 
73200000 
73300000 
74100000 
74200000 
74201000 
74300000 
74400000 
75100000 
75200000 
75300000 
75400000 
75500000 
76000000 
76010000 
76020000 
76100000 
76200000 
76300000 
76400000 
76401000 
76430000 
76600000 
76800000 
76900000 
77000000 
77001000 
77100000 
77200000 
77600000 
77700000 
78300000 
78400000 
78500000 
78501000 
78600000 
81000000 
81000100 
81000200 
81000300 
81000400 
81100000 
81200000 
81200100 
81300000 
81400000 
81400800 
81400900 
82000000 
82000100 
82000200 
82100000 
82100100 
82200000 
82200100 
82200200 
82200300 
82300000 
82400000 
82400001 
83100000 
83110000 
83200000 
83210000 
83220000 
83230000 
83240000 
83250000 
83260000 
83270000 
83300000 
83400000 
83410000 
83500000 
83505000 
83510000 
83520000 
83600000 
83600001 
83610000 
83620000 
83630000 
83640000 
83700000 
83700001 
83710000 
83720000 
83730000 
83800000 
83810000 
84000000 
84100000 
84200000 
84300000 
84400000 
84400001 
84500000 
84600000 
84700000 
84710000 
84800000 
84810000 
84900000 
84900001 
84910000 
84920000 
85000000 
85000001 
85100000 
85200000 
85300000 
85310000 
85320000 
85330000 
85340000 
85340001 
85350000 
85400000 
85400001 
86200000 
86300000 
86400000 
87110000 
87200000 
87300000 
87900000 
88100000 
88200000 
88300000 
88310000 
88320000 
88500000 
88510000 
88700000 
89600000 
89650000 
89700000 
89750000 
89800000 
99900000 
99990000 
99990001 
