10 
100 
1000000 
1010000 
1040000 
1050000 
1060000 
1070000 
1100000 
1110000 
1130000 
1140000 
1150000 
1160000 
1200000 
1210000 
1220000 
1230000 
1240000 
1250000 
1260000 
1270000 
1280000 
1290000 
1320000 
1330000 
1350000 
1360000 
1370000 
1380000 
1390000 
1400000 
1410000 
1420000 
1430000 
1440000 
1500000 
1520000 
1530000 
1580000 
1600000 
1610000 
1620000 
1630000 
1640000 
1650000 
1660000 
1670000 
1680000 
1690000 
1700000 
1710000 
1720000 
1730000 
1740000 
1760000 
1770000 
1790000 
1800000 
1810000 
1820000 
1830000 
1831000 
1850000 
1860000 
1870000 
1871000 
1880000 
1900000 
1910000 
1911000 
1920000 
1930000 
1940000 
1950000 
1960000 
1970000 
1980000 
1990000 
1995000 
1996000 
1997000 
2000000 
2010000 
2020000 
2030000 
2070000 
2080000 
2090000 
2100000 
2200000 
2210000 
2220000 
2240000 
2250000 
2260000 
2290000 
2300000 
2310000 
2400000 
2410000 
2420000 
2430000 
2440000 
2470000 
2500000 
2520000 
2530000 
2540000 
2560000 
2600000 
2610000 
2620000 
2630000 
2660000 
2670000 
2680000 
2690000 
2700000 
2710000 
2720000 
2730000 
2740000 
2750000 
2760000 
2800000 
2810000 
2820000 
2830000 
2840000 
2850000 
2855000 
2860000 
2870000 
2880000 
2890000 
2895000 
2896000 
2900000 
2920000 
2930000 
2940000 
2950000 
2960000 
3000000 
3010000 
3020000 
3040000 
3050000 
3060000 
3070000 
3080000 
3200000 
3210000 
3220000 
3240000 
3250000 
3251000 
3270000 
3280000 
3290000 
3300000 
3310000 
3320000 
3330000 
3340000 
3350000 
3370000 
3400000 
3401000 
3410000 
3420000 
3430000 
3440000 
3500000 
3530000 
3600000 
3610000 
3620000 
3630000 
3660000 
3800000 
3810000 
3820000 
3830000 
3850000 
3860000 
3870000 
3880000 
3890000 
3900000 
3910000 
3930000 
3940000 
4010000 
4020000 
4030000 
4040000 
4050000 
4060000 
4080000 
4090000 
4100000 
4110000 
4120000 
4150000 
4200000 
4210000 
4220000 
4230000 
4240000 
4270000 
4280000 
4290000 
4400000 
4420000 
4430000 
4440000 
4600000 
4610000 
4630000 
4660000 
4670000 
4680000 
5000000 
5010000 
5040000 
5050000 
5200000 
5210000 
5220000 
5225000 
5230000 
5240000 
5250000 
5255000 
5270000 
5275000 
5280000 
5285000 
5290000 
5295000 
5310000 
5330000 
5340000 
5350000 
5360000 
5370000 
5400000 
5410000 
5500000 
5510000 
5520000 
5530000 
5540000 
5600000 
5610000 
5620000 
5630000 
5640000 
5650000 
5660000 
6100000 
11000000 
11005000 
11010000 
11020000 
11030000 
11040000 
11050000 
11070000 
11080000 
11091000 
11110000 
11120000 
11130000 
11140000 
11150000 
11160000 
11185000 
11200000 
11210000 
11220000 
11230000 
11240000 
11250000 
11260000 
11270000 
11280000 
11290000 
11295000 
11300000 
11310000 
11320000 
11330000 
11350000 
11360000 
11370000 
11380000 
11390000 
11395000 
11400000 
11420000 
11430000 
11450000 
11455000 
11470000 
11475000 
11480000 
11485000 
11490000 
11495000 
11500000 
11510000 
11530000 
11540000 
11550000 
11560000 
11570000 
11590000 
11600000 
11610000 
11620000 
11630000 
11640000 
11650000 
11700000 
11710000 
11720000 
11730000 
11740000 
11750000 
11800000 
11810000 
11820000 
11830000 
11840000 
21001100 
21001101 
21001102 
21001103 
21010100 
21010101 
21010102 
21010103 
21020100 
21020101 
21020102 
21020103 
21030100 
21030101 
21030102 
21030103 
21040100 
21040101 
21040102 
21040103 
21050100 
21050101 
21050102 
21050103 
21060100 
21060101 
21060102 
21060103 
21070100 
21070101 
21070102 
21070103 
21080100 
21080101 
21080102 
21080103 
21100100 
21100101 
21100102 
21100103 
21140100 
21140101 
21140102 
21140103 
21160100 
21160101 
21160102 
21160103 
21210100 
21210101 
21210102 
21210103 
21230100 
21230101 
21230102 
21230103 
21320100 
21320101 
21320102 
21320103 
21330100 
21330101 
21330102 
21330103 
21340100 
21340101 
21340102 
21340103 
21350100 
21350101 
21350102 
21350103 
21360100 
21360101 
21360102 
21360103 
21361100 
21361101 
21361102 
21361103 
21370100 
21370101 
21370102 
21370103 
21390100 
21390101 
21390102 
21390103 
21430100 
21440102 
21460103 
21470100 
21470101 
21470102 
21470103 
21480100 
21480101 
21480102 
21480103 
21490100 
21490101 
21490102 
21490103 
21500100 
21500101 
21500102 
21500103 
21501100 
21502100 
21600000 
21600100 
21600101 
21600102 
21600103 
21610000 
21610100 
21610101 
21610102 
21610103 
21620000 
21630000 
21630100 
21640000 
21640100 
21650000 
21650100 
21660000 
21660100 
21670000 
21670100 
21680000 
21680100 
21690000 
21690103 
21700000 
21700100 
21710000 
21710100 
22020100 
22020101 
22020102 
22020103 
22021100 
22021101 
22021102 
22021103 
22030100 
22030101 
22030102 
22030103 
22031100 
22031101 
22031102 
22031103 
22060100 
22060101 
22060102 
22060103 
22062100 
22062101 
22062102 
22062103 
22080100 
22080101 
22080102 
22080103 
22110100 
22110101 
22110102 
22110103 
22130100 
22130101 
22130102 
22130103 
22180100 
22180101 
22182100 
22182101 
22190101 
22190102 
22190103 
22220100 
22220101 
22220102 
22220103 
22230100 
22230101 
22230102 
22230103 
22240100 
22240101 
22240102 
22240103 
22270100 
22270101 
22270102 
22270103 
22271100 
22271101 
22310100 
22310101 
22310102 
22310103 
22340100 
22340101 
22340102 
22340103 
22350100 
22350101 
22350102 
22350103 
22351100 
22360100 
22360101 
22360102 
22360103 
22370100 
22460100 
22460101 
22460102 
22460103 
22480100 
22480101 
22480102 
22480103 
22510100 
22510101 
22510102 
22510103 
22512100 
22512101 
22512102 
22512103 
22520100 
22520101 
22520102 
22520103 
22530100 
22530101 
22530102 
22530103 
22540100 
22540101 
22540102 
22540103 
23010100 
23010101 
23010102 
23010103 
23011100 
23040101 
23050100 
23050101 
23050102 
23050103 
23060100 
23060101 
23061100 
23061101 
23061102 
23061103 
23070100 
23070101 
23070102 
23070103 
23080101 
23080102 
23080103 
23081100 
23081101 
23120100 
23120101 
23120102 
23120103 
23130100 
23130101 
23130102 
23130103 
23140100 
23140101 
23140102 
23140103 
23150100 
23150101 
23150102 
23150103 
23160100 
23160101 
23160102 
23160103 
23170100 
23170101 
23170102 
23170103 
23171100 
23250100 
23250101 
23250102 
23250103 
23300100 
23300101 
23300102 
23300103 
23310100 
23310101 
23310102 
23310103 
23320100 
23320101 
23320102 
23320103 
23330100 
23330101 
23330102 
23330103 
23340100 
23340101 
23340102 
23340103 
25040100 
25040101 
25040102 
25040103 
25060101 
25060102 
25060103 
25090100 
25090101 
25100100 
25100101 
25100102 
25100103 
25110100 
25110101 
25110102 
25110103 
25120100 
25120101 
25120102 
25130100 
25130101 
25130102 
25130103 
26100100 
26100101 
26100102 
26100103 
26180100 
26180101 
26180102 
26180103 
26260100 
26260101 
26260102 
26260103 
26510000 
26510100 
26510101 
26510102 
26510103 
26590000 
26590100 
26590101 
26590102 
26590103 
26650100 
26650101 
26650102 
26650103 
26660102 
26700100 
26750000 
26750100 
26750101 
26750102 
26750103 
26770000 
26770101 
26800000 
26800100 
26800101 
26800102 
26800103 
26880000 
26880100 
26880101 
26880102 
26880103 
26890000 
26890100 
26890101 
26890102 
26890103 
26900000 
26900100 
26900101 
26900102 
26900103 
26940000 
26940100 
26940101 
26940102 
26940103 
27210101 
27210102 
27210103 
27240100 
27240101 
27240102 
27240103 
27420100 
27420101 
27420102 
27420103 
27430100 
27430101 
27430102 
27430103 
27440100 
27440101 
27440102 
27440103 
27510100 
27510101 
27510103 
27520100 
27520101 
27520102 
27520103 
27521000 
27521100 
27530100 
27530101 
27530102 
27530103 
27550100 
27550101 
27550102 
27550103 
27680100 
27680101 
27680102 
27680103 
27690100 
27690101 
27690102 
27690103 
27700100 
27700101 
27700102 
27700103 
27710100 
27710101 
27710102 
27710103 
27830100 
27830101 
27950100 
27950101 
27950102 
27950103 
31010000 
31020000 
31030000 
31040000 
31050000 
31060000 
31070000 
31080000 
31090000 
31100000 
31110000 
31120000 
31130000 
31140000 
31150000 
31160000 
31170000 
31180000 
31190000 
31200000 
31210000 
31220000 
31230000 
31240000 
31250000 
31260000 
31270000 
31280000 
31290000 
31300000 
31310000 
32010000 
32020000 
32030000 
32040000 
32050000 
32060000 
32070000 
32080000 
32090000 
32100000 
32110000 
32120000 
32130000 
32140000 
32150000 
32160000 
32170000 
32180000 
32190000 
32200000 
32210000 
32220000 
32230000 
32240000 
32250000 
32260000 
32300000 
32310000 
33010000 
33020000 
33030000 
33040000 
33050000 
33060000 
33070000 
33080000 
33090000 
33100000 
33110000 
33120000 
33130000 
33140000 
33150000 
33160000 
33170000 
33180000 
33190000 
33200000 
33210000 
33300000 
33310000 
33320000 
34010000 
34020000 
34030000 
34040000 
34050000 
34060000 
34070000 
34080000 
34090000 
34100000 
34300000 
34310000 
35010000 
35020000 
35030000 
35040000 
35050000 
35060000 
35070000 
35080000 
35090000 
35300000 
35310000 
40010000 
40010001 
40010002 
40010003 
40020000 
40020001 
40020002 
40030000 
40030001 
40030002 
40040000 
40040001 
40040002 
40050000 
40050001 
40050002 
40060000 
40060001 
40060002 
40060003 
40070000 
40070001 
40070002 
40070003 
40080000 
40080001 
40080002 
40080003 
40090000 
40090001 
40090002 
40090003 
40100000 
40100001 
40110000 
40110001 
40120000 
40120001 
40120002 
40130000 
40135000 
40140000 
40140001 
40150000 
40150001 
40160000 
40160001 
40160002 
40210000 
40220000 
40230000 
40260000 
40280000 
40290000 
40290001 
40290002 
40295000 
40300000 
40310000 
40320000 
40320001 
40320002 
40330000 
40330001 
40330002 
40340000 
40340001 
40340002 
40350000 
40350001 
40350002 
40360000 
40360001 
40360002 
40370000 
40370001 
40370002 
40390000 
40390001 
40390002 
40400000 
40410000 
40420000 
40430000 
40440000 
40450000 
40460000 
40470000 
40480000 
40500000 
40510000 
40520000 
40530000 
40530001 
40530002 
40540000 
40550000 
40610000 
40620000 
40700000 
40710000 
40720000 
40730000 
40740000 
40750000 
40760000 
40770000 
40780000 
41000000 
41010000 
41020000 
41030000 
41040000 
41050000 
41060000 
41070000 
41090000 
41100000 
41110000 
41120000 
41130000 
41140000 
41150000 
41160000 
42000000 
50600000 
50610000 
50800000 
50810000 
50820000 
50830000 
50840000 
50850000 
50860000 
50870000 
50880000 
50885000 
50890000 
50900000 
50910000 
50920000 
50930000 
50940000 
50950000 
50960000 
50970000 
50990000 
51000000 
51010000 
51020000 
51030000 
52000000 
52100000 
52200000 
52300000 
52400000 
52500000 
52650000 
53100000 
53200000 
53300000 
53600000 
60010000 
60020000 
60030000 
60035000 
60036000 
60040000 
60050000 
60060000 
60070000 
60090000 
60100000 
60105000 
60110000 
60120000 
60151000 
60155000 
60155010 
60155020 
60155030 
60160000 
60170000 
60180000 
60190000 
60200000 
60210000 
60230000 
60235000 
60236000 
60237000 
60238000 
60239000 
60240000 
60250000 
60260000 
60270000 
60280000 
60290000 
60310000 
60320000 
60350000 
60355000 
60360000 
60370000 
60375000 
60405000 
60405010 
60406000 
60406010 
60410000 
60420000 
60430000 
60450000 
60470000 
60480000 
60490000 
60500000 
60510000 
60511000 
60525000 
60526000 
60527000 
60530000 
60531000 
60536000 
60537000 
60538000 
60540000 
60550000 
60560000 
60570000 
60575000 
60580000 
60590000 
60595000 
60600000 
60610000 
60620000 
60625000 
60630000 
60640000 
60650000 
60660000 
60670000 
60680000 
60690000 
60700000 
60710000 
60720000 
60760000 
60770000 
60780000 
60790000 
60800000 
60810000 
60820000 
60830000 
60850000 
60870000 
60880000 
60900000 
60910000 
60920000 
60930000 
60940000 
60950000 
60960000 
60970000 
60975000 
60980000 
60990000 
61000000 
61030000 
61060000 
61070000 
61080000 
61090000 
61100000 
61110000 
61130000 
61140000 
61150000 
61160000 
62000000 
62020000 
62030000 
62040000 
62045000 
62050000 
62060000 
62070000 
62100000 
62110000 
62120000 
62130000 
62140000 
62150000 
62160000 
62170000 
62190000 
63000000 
63001000 
63003000 
63004000 
63005000 
63006000 
63007000 
63008000 
63009000 
63010000 
63011000 
63012000 
63013000 
63014000 
63015000 
63016000 
63017000 
63018000 
63019000 
63021000 
64000000 
64010000 
64020000 
64030000 
64040000 
64050000 
64060000 
64070000 
64080000 
64090000 
64100000 
64110000 
64120000 
64130000 
64140000 
64150000 
64160000 
64170000 
64180000 
64190000 
64200000 
64210000 
64220000 
64230000 
64240000 
64250000 
64260000 
64270000 
64280000 
64290000 
64300000 
64310000 
64320000 
64330000 
64500000 
64510000 
64520000 
64530000 
64540000 
64550000 
64560000 
64580000 
64590000 
64600000 
64610000 
65240000 
65250000 
65260000 
65270000 
65280000 
65290000 
900008182 
900008183 
