0 
50920000 
51000000 
60350000 
60355000 
60360000 
62000000 
62020000 
62050000 
62060000 
62160000 
62170000 
64000000 
64010000 
64020000 
64030000 
64040000 
64050000 
64060000 
64070000 
64080000 
64090000 
64100000 
64110000 
64120000 
64130000 
64140000 
64150000 
64160000 
64170000 
64180000 
64190000 
64200000 
64210000 
64220000 
64230000 
64240000 
64250000 
64260000 
64270000 
64280000 
64290000 
64300000 
64310000 
64320000 
64330000 
64500000 
64510000 
64520000 
64530000 
64540000 
64550000 
64560000 
64580000 
64590000 
64600000 
64610000 
