0 
100 
101 
102 
200 
300 
301 
310 
311 
400 
401 
402 
410 
411 
412 
500 
600 
610 
620 
630 
700 
750 
800 
900 
901 
1000 
1001 
1010 
1020 
1100 
1101 
1110 
1111 
1200 
1300 
1400 
1410 
1500 
1510 
1600 
1700 
1800 
9900 
9901 
10020400 
10020401 
10020402 
10020403 
10020404 
10020405 
10020410 
10020411 
10020412 
10020413 
10020414 
10020415 
10029010 
10029020 
10029030 
10049010 
10049020 
10049030 
10049040 
10100400 
10100401 
10100402 
10100403 
10100404 
10100412 
10100413 
10100414 
10109000 
10109010 
10109020 
10140400 
10140401 
10149010 
10149020 
10150400 
10159000 
10159010 
10160400 
10160401 
10160402 
10160403 
10160413 
10169000 
10170400 
10170401 
10170412 
10174002 
10179000 
10179010 
10180400 
10181080 
10189000 
10190400 
10190401 
10190402 
10190403 
10190404 
10190412 
10199000 
10199010 
10230400 
10230410 
10231020 
10239000 
10239001 
10250400 
10250401 
10250402 
10250411 
10250412 
10259010 
10270400 
10279000 
10310400 
10310401 
10319000 
10319001 
10319010 
10320400 
10320401 
10320411 
10329000 
10329010 
10329020 
10329030 
10330400 
10330401 
10330411 
10340400 
10340401 
10340411 
10349000 
20100400 
20109000 
20110400 
20110401 
20110402 
20110411 
20110412 
20119000 
20119100 
20119200 
20210400 
20210401 
20210402 
20219000 
20219010 
20219100 
20219110 
20240400 
20240401 
20240402 
20240411 
20249000 
20269000 
20620900 
20620910 
20630400 
20630410 
40039000 
50350400 
50350401 
50350402 
50350403 
50350404 
50350413 
50350414 
50359010 
50359020 
50360400 
50360401 
50360402 
50360403 
50360404 
50360405 
50360406 
50360413 
50360414 
50360415 
50360416 
50369000 
50369010 
50369020 
50369030 
50369040 
50369050 
50369060 
50369070 
50369080 
50369090 
50369100 
50370400 
50370401 
50370402 
50370403 
50370404 
50370405 
50370415 
50379000 
50379001 
50379010 
50379020 
50379030 
50379040 
50389000 
50389010 
