1000000 
1010000 
1060000 
1100000 
1130000 
1200000 
1210000 
1220000 
1230000 
1320000 
1360000 
1400000 
1410000 
1500000 
1600000 
1610000 
1650000 
1660000 
1700000 
1710000 
1730000 
1740000 
1760000 
1770000 
1800000 
1810000 
1820000 
1950000 
1980000 
2000000 
2010000 
2200000 
2210000 
2220000 
2250000 
2400000 
2410000 
2420000 
2430000 
2520000 
2600000 
2610000 
2620000 
2720000 
2750000 
2800000 
2810000 
2820000 
2830000 
3000000 
3010000 
3020000 
3040000 
3200000 
3210000 
3220000 
3250000 
3410000 
3440000 
3500000 
3600000 
3610000 
3620000 
3800000 
3830000 
3860000 
4010000 
4030000 
4100000 
4200000 
4210000 
4220000 
4290000 
4600000 
4610000 
5200000 
5210000 
5340000 
5400000 
11010000 
11040000 
11091000 
11110000 
11200000 
11230000 
11270000 
11280000 
11370000 
11390000 
11400000 
11420000 
11510000 
11530000 
11540000 
11650000 
11700000 
11740000 
21020101 
21030101 
21060101 
21100101 
21140101 
21230102 
21360101 
21361101 
21430100 
21490101 
21501100 
22182101 
22270103 
22310101 
22350100 
22460101 
23040101 
23070100 
23130101 
23300101 
25100101 
25110101 
27830100 
31010000 
31020000 
31030000 
31050000 
31180000 
31210000 
31220000 
31240000 
31260000 
31270000 
32010000 
32020000 
32030000 
32040000 
32070000 
32100000 
32190000 
32210000 
32220000 
32230000 
33010000 
33020000 
33050000 
33180000 
33200000 
33210000 
34010000 
34020000 
34030000 
34050000 
40010000 
40020000 
40030000 
40040000 
40060000 
40120000 
40160000 
40260000 
40290000 
40310000 
40400000 
40410000 
40420000 
40440000 
40450000 
40480000 
40510000 
40520000 
40540000 
40550000 
40610000 
40700000 
40710000 
40720000 
40730000 
40740000 
40750000 
40760000 
40770000 
40780000 
50880000 
50900000 
50910000 
50960000 
50990000 
51000000 
51010000 
51020000 
60010000 
60020000 
60030000 
60035000 
60040000 
60070000 
60090000 
60110000 
60151000 
60155000 
60160000 
60200000 
60320000 
60350000 
60360000 
60410000 
60420000 
60430000 
60450000 
60525000 
60526000 
60527000 
60530000 
60536000 
60537000 
60625000 
60760000 
60770000 
60800000 
60820000 
60910000 
60920000 
60930000 
60950000 
60970000 
60975000 
60980000 
60990000 
61000000 
61060000 
61070000 
61080000 
61090000 
61100000 
61110000 
61130000 
61140000 
61150000 
61160000 
62000000 
62030000 
62040000 
62045000 
62050000 
62060000 
62100000 
62110000 
62160000 
62170000 
64000000 
64060000 
64120000 
64140000 
64170000 
64200000 
64210000 
64240000 
