9500 
9501 
9502 
9503 
9504 
9505 
9506 
9507 
9508 
9509 
9510 
9511 
9512 
9513 
9514 
9515 
9516 
9517 
9518 
9519 
9520 
9521 
9522 
9523 
9524 
9525 
9526 
9527 
9528 
9550 
9551 
9552 
9553 
9554 
9555 
9556 
100010 
101010 
102010 
102030 
102040 
102052 
102053 
102054 
102055 
102090 
102092 
102110 
103010 
103025 
103030 
103040 
103041 
103050 
103051 
103090 
103110 
105010 
105030 
106010 
106030 
106090 
107010 
107030 
108010 
108040 
108050 
108060 
113010 
113020 
113030 
113040 
115010 
115020 
117010 
118010 
118090 
119010 
121010 
121020 
123010 
123020 
124010 
125010 
125020 
125030 
125040 
127010 
127020 
127030 
127040 
127050 
127060 
127061 
127070 
127090 
127091 
129010 
131010 
132010 
132030 
132040 
132100 
133010 
133100 
134010 
135010 
137010 
137090 
138010 
139010 
139030 
140010 
141010 
146010 
147010 
147090 
148010 
149010 
150010 
150011 
150012 
150013 
150014 
151010 
151040 
152010 
153010 
154010 
154020 
155010 
201110 
202010 
203010 
203012 
203020 
203030 
203040 
203050 
204010 
204020 
205010 
206010 
209010 
210010 
210020 
212010 
212020 
212030 
213010 
213110 
214010 
216010 
217010 
217020 
220010 
222010 
223010 
224010 
224030 
226010 
226020 
226030 
227010 
300010 
300020 
300030 
300040 
300080 
301010 
302010 
302011 
302020 
303310 
303320 
304010 
305010 
305011 
306010 
306011 
306020 
307010 
307110 
308010 
308030 
309010 
309610 
309710 
311010 
312010 
313010 
314010 
315010 
316010 
317010 
318010 
319010 
319011 
321010 
324010 
324020 
325010 
325020 
326010 
327010 
330010 
332010 
333010 
334010 
500010 
500011 
501010 
502010 
503010 
504010 
506010 
506110 
506210 
509010 
511010 
511030 
512010 
512030 
512040 
514610 
600010 
601010 
601011 
601030 
602010 
603010 
603020 
607010 
611010 
611020 
619110 
619120 
625010 
626010 
627010 
628010 
650010 
651010 
653010 
653011 
653030 
654010 
656010 
657010 
659010 
660010 
661010 
662010 
663010 
665010 
665030 
666010 
666020 
666030 
666040 
670010 
671010 
671110 
672010 
674010 
675010 
677010 
678010 
679010 
680010 
681010 
681020 
682010 
683010 
685010 
686010 
687010 
688010 
689010 
690000 
690010 
692010 
700010 
701010 
702010 
703010 
704010 
705010 
705110 
705310 
721110 
723010 
724010 
724020 
725010 
726010 
729010 
730010 
730020 
730030 
741010 
742010 
743010 
744010 
751010 
752010 
753010 
754010 
756010 
760010 
760110 
760210 
761010 
762010 
763010 
764010 
764310 
766010 
768010 
769010 
770010 
771010 
772010 
776010 
777010 
783010 
784010 
785010 
786010 
810010 
810011 
810012 
810013 
810024 
820010 
820011 
820012 
820013 
820014 
820015 
820024 
820025 
820030 
837110 
837120 
838010 
900010 
