0 
1000 
1001 
1400 
1401 
1402 
1500 
1501 
1502 
1503 
1504 
1505 
1506 
1507 
1600 
1700 
1701 
1702 
2000 
2001 
2002 
2003 
2004 
2005 
2006 
2100 
2101 
2102 
2103 
2104 
2105 
2106 
2200 
2201 
2202 
2203 
2204 
2205 
2206 
2300 
2301 
2302 
2303 
2304 
2305 
2306 
2400 
2401 
2402 
2403 
2404 
2405 
2406 
3000 
3001 
3002 
3003 
3004 
3005 
4000 
4001 
4002 
4003 
4004 
4010 
4011 
4012 
4013 
4014 
4020 
4021 
4022 
4023 
4024 
4030 
4031 
4032 
4033 
4034 
4040 
4041 
4042 
4043 
4044 
4050 
4051 
4052 
4053 
4054 
4060 
4061 
4062 
4063 
4064 
4070 
4071 
4072 
4073 
4074 
5000 
5001 
5002 
5003 
5004 
5010 
5011 
5012 
5013 
5014 
5020 
5021 
5022 
5023 
5024 
5030 
5031 
5032 
5033 
5034 
5040 
5041 
5042 
5043 
5044 
5050 
5051 
5052 
5053 
5054 
5060 
5061 
5062 
5063 
5064 
5070 
5071 
5072 
5073 
5074 
6000 
6001 
6002 
6003 
6004 
6010 
6011 
6012 
6013 
6014 
6020 
6021 
6022 
6023 
6024 
6030 
6031 
6032 
6033 
6034 
6040 
6041 
6042 
6043 
6044 
6050 
6051 
6052 
6053 
6054 
6060 
6061 
6062 
6063 
6064 
6070 
6071 
6072 
6073 
6074 
7000 
7001 
7002 
7003 
7004 
7010 
7011 
7012 
7013 
7014 
7020 
7021 
7022 
7023 
7024 
7030 
7031 
7032 
7033 
7034 
7040 
7041 
7042 
7043 
7044 
7050 
7051 
7052 
7053 
7054 
7060 
7061 
7062 
7063 
7064 
7070 
7071 
7072 
7073 
7074 
10500 
10501 
10502 
10503 
20000 
20001 
20002 
20003 
20004 
20100 
20101 
20102 
20103 
20104 
