20240505 
20240510 
20240600 
20240601 
20240610 
20240630 
20240631 
20240650 
20240651 
20240700 
20240710 
20241000 
20241010 
20241040 
20241050 
20241100 
20241200 
20241205 
20241210 
20241215 
20241220 
20241225 
20241230 
20241235 
20241240 
20241245 
20241250 
20241500 
20241550 
20241560 
20241800 
20242000 
20242005 
20242010 
20242015 
20242020 
20242025 
20242030 
20242035 
20242040 
20242045 
20242050 
20242055 
20242060 
20242200 
20242201 
20242202 
20242203 
20242250 
20242251 
20242252 
20242253 
20242300 
20242301 
20242302 
20242303 
20242306 
20242307 
20242308 
20242309 
20242400 
20242401 
20242402 
20242403 
20242404 
20242405 
20242406 
20242407 
20242408 
20242409 
20243000 
20243800 
20243801 
20243802 
20243810 
20243900 
20243901 
20243902 
20243903 
20243904 
20243905 
20243910 
20243911 
20243912 
20243913 
20243914 
20243915 
20243920 
20243921 
20243922 
20243923 
20243924 
20243925 
20243930 
20243931 
20243932 
20243933 
20243934 
20243935 
20243940 
20243941 
20243942 
20243943 
20243944 
20243945 
20244000 
20245000 
20245010 
20245020 
20245030 
20245040 
20245050 
20245070 
20245080 
20245090 
20245100 
20246000 
20246010 
20246030 
20246040 
20246050 
20246060 
20246070 
20246080 
20246090 
20246100 
20246110 
20246120 
20246130 
20246140 
20246150 
20246160 
20246170 
20246180 
20246190 
20246200 
20246210 
20246220 
20246500 
