50370400 
50370410 
50370412 
50370415 
50370416 
50370417 
50370418 
50370419 
50370430 
50370431 
50370432 
50370433 
50370440 
50370441 
50370442 
50370500 
50370501 
50370502 
50370503 
50370504 
50370505 
50370506 
50370507 
50370508 
50370605 
50370610 
50370611 
50370615 
50370616 
50370630 
50370640 
50370650 
50370660 
50370665 
50370670 
50370675 
50370685 
50370700 
50370701 
50370702 
50370703 
50370704 
50370705 
50371000 
50371001 
50371010 
50371011 
50371012 
50371020 
50371021 
50371120 
50371121 
50371122 
50371140 
50371141 
50371142 
50371143 
50371144 
50371145 
50371146 
50371147 
50371148 
50371160 
50371161 
50371168 
50371170 
50371171 
50371172 
50371173 
50371190 
50371200 
50371201 
50371202 
50371203 
50371204 
50371210 
50371211 
50371222 
50371223 
50371224 
50371250 
50371251 
50371252 
50371300 
50371301 
50371302 
50371370 
50371371 
50371372 
50371373 
50371374 
50371385 
50371386 
50371387 
50371388 
50371389 
50371400 
50371401 
50371402 
50371403 
50371550 
50371551 
50371552 
50371560 
50371570 
50371600 
50371601 
50371602 
50371603 
50371604 
50371605 
50371606 
50371607 
50371608 
50371609 
50371610 
50371620 
50371700 
50372001 
50372400 
50372401 
50372402 
50372403 
50372404 
50372405 
50372450 
50372500 
50372501 
50372502 
50372550 
50372600 
50372601 
50372650 
50372651 
50372660 
50372661 
50372800 
50372801 
50372802 
50372850 
50372851 
50372900 
50372901 
50373000 
50373001 
50373100 
50373105 
50373110 
50373115 
50373900 
50373901 
50373902 
50373903 
50373904 
50373905 
50373910 
50373911 
50373912 
50373913 
50373914 
50373915 
50373920 
50373921 
50373922 
50373923 
50373924 
50373925 
50373930 
50373931 
50373932 
50373933 
50373934 
50373935 
50373940 
50373941 
50373942 
50373943 
50373944 
50373945 
50375510 
50375520 
50375530 
50375540 
50375550 
50375560 
50375580 
50375590 
50375600 
50375610 
50375640 
50375660 
50375670 
50375680 
50375690 
50375700 
50375710 
50375720 
50375730 
50375740 
50376000 
50376010 
50376050 
50376060 
50376070 
50376080 
50376090 
50376100 
50376110 
50376120 
50376130 
50376140 
50376150 
50376160 
50376170 
50376180 
50376190 
50376200 
50376210 
50376220 
50376230 
50376300 
50376310 
50376320 
50376340 
50376350 
50376360 
50376370 
50376380 
50376400 
50376410 
50376420 
50376430 
50376440 
50376450 
50376460 
50376470 
50376510 
50376520 
50376530 
50376540 
50376550 
50376560 
50376570 
50376580 
50376590 
50376600 
50376610 
50376620 
50376630 
50376640 
50376650 
50376660 
50376670 
50376680 
50376690 
50376710 
50376730 
50376740 
50376750 
50376760 
50376770 
