10100401 
10100402 
10100403 
10100404 
10100405 
10100406 
10100407 
10100409 
10100411 
10100413 
10100414 
10100415 
10100416 
10100417 
10100500 
10100501 
10100502 
10100503 
10100504 
10100505 
10100506 
10100507 
10100508 
10100509 
10100510 
10100511 
10100512 
10100600 
10100610 
10100611 
10100630 
10100631 
10100632 
10100633 
10100640 
10100655 
10100660 
10100670 
10100675 
10100701 
10100702 
10100703 
10100705 
10100706 
10100707 
10100709 
10100710 
10100711 
10101000 
10101002 
10101050 
10101060 
10101070 
10101071 
10101075 
10101120 
10101160 
10101250 
10101251 
10101252 
10101253 
10101300 
10101450 
10101451 
10101452 
10101453 
10101454 
10101455 
10101456 
10101500 
10101510 
10101520 
10101530 
10101600 
10101610 
10101700 
10101800 
10101900 
10101901 
10103800 
10103801 
10103804 
10103805 
10103806 
10103807 
10103808 
10103809 
10103810 
10103900 
10103901 
10103902 
10103903 
10103904 
10103905 
10103910 
10103911 
10103912 
10103913 
10103914 
10103915 
10103920 
10103921 
10103922 
10103923 
10103924 
10103925 
10103930 
10103931 
10103932 
10103933 
10103934 
10103935 
10103940 
10103941 
10103942 
10103943 
10103944 
10103945 
10104000 
10104100 
10104200 
10104300 
10105010 
10105020 
10105030 
10105040 
10105050 
10105070 
10105080 
10105090 
10105100 
10105110 
10105120 
10105130 
10105140 
10105150 
10106000 
10106010 
10106030 
10106050 
10106060 
10106070 
10106080 
10106090 
10106100 
10106110 
10106120 
10106130 
10106140 
10106150 
10106160 
10106170 
10106180 
10106190 
10106200 
10106210 
10106220 
10106230 
10106240 
10106250 
10106260 
10106270 
10106280 
10106290 
10106300 
10106310 
10106320 
10106340 
10106350 
10106360 
10106370 
10106380 
10106390 
10106400 
10106410 
10106420 
10106430 
10106440 
10106450 
10106460 
10106470 
10106480 
10106490 
10106500 
10106510 
10106520 
10106530 
10106540 
10106550 
10106560 
10106570 
10106580 
10106590 
10106600 
10106610 
10106620 
10106630 
