10150400 
10150405 
10150410 
10150415 
10150420 
10150431 
10150432 
10150433 
10150600 
10150601 
10150602 
10150650 
10150655 
10150700 
10150701 
10150702 
10150703 
10150710 
10150711 
10150712 
10150713 
10151001 
10151002 
10151012 
10151013 
10151014 
10151015 
10151016 
10151017 
10151020 
10151025 
10151040 
10151041 
10151050 
10151051 
10151061 
10151062 
10151070 
10151080 
10151090 
10151091 
10151092 
10151093 
10151094 
10151200 
10151201 
10151202 
10151203 
10151204 
10151600 
10151605 
10151610 
10151615 
10151620 
10151700 
10152000 
10152500 
10152505 
10152510 
10152515 
10152520 
10152525 
10152530 
10152700 
10152705 
10152710 
10152800 
10152801 
10152802 
10152803 
10153000 
10153100 
10153800 
10153801 
10153802 
10153803 
10153900 
10153901 
10153902 
10153903 
10153904 
10153905 
10153910 
10153911 
10153912 
10153913 
10153914 
10153915 
10153920 
10153921 
10153922 
10153923 
10153924 
10153925 
10153930 
10153931 
10153932 
10153933 
10153934 
10153935 
10153940 
10153941 
10153942 
10153943 
10153944 
10153945 
10154000 
10154001 
10154900 
10155000 
10155010 
10155020 
10155030 
10156000 
10156010 
10156020 
10156030 
10156040 
10156050 
10156060 
10156070 
10156080 
10156090 
10156100 
10156110 
10156120 
10156130 
10156140 
10156150 
10156160 
10156170 
10156180 
10156190 
10156200 
