10310400 
10310401 
10310402 
10310403 
10310404 
10310405 
10310600 
10310601 
10310602 
10310603 
10310604 
10310605 
10310650 
10310651 
10310652 
10311010 
10311011 
10311012 
10311015 
10311020 
10311100 
10311105 
10311110 
10312000 
10312010 
10312020 
10312100 
10312101 
10312102 
10313000 
10313001 
10313002 
10313003 
10313004 
10313005 
10313008 
10313009 
10313010 
10313011 
10313016 
10313017 
10313018 
10313019 
10313020 
10313021 
10313026 
10313027 
10313028 
10313029 
10313030 
10313031 
10313800 
10313801 
10313802 
10313803 
10313804 
10313805 
10313806 
10313807 
10313808 
10313809 
10313810 
10313811 
10313812 
10313813 
10313814 
10313815 
10313816 
10313817 
10313818 
10313819 
10313820 
10313821 
10313822 
10313823 
10313824 
10313825 
10313826 
10313827 
10313828 
10313829 
10313830 
10313831 
10313832 
10313833 
10313834 
10313835 
10313836 
10313837 
10313838 
10313839 
10313840 
10313841 
10313842 
10313843 
10313844 
10313845 
10313846 
10313847 
10313848 
10313900 
10313901 
10313902 
10313903 
10313904 
10313905 
10313910 
10313911 
10313912 
10313913 
10313914 
10313915 
10313920 
10313921 
10313922 
10313923 
10313924 
10313925 
10314000 
10314100 
10315000 
10315010 
10315020 
10315030 
10316010 
10316040 
10316050 
10316090 
10316100 
10316110 
