1 
100 
200 
300 
100250 
100255 
100260 
100265 
100270 
100275 
100450 
100455 
100460 
100465 
100470 
100475 
100480 
100485 
100490 
101000 
101010 
101011 
101050 
101055 
101060 
101080 
101090 
101400 
101401 
101410 
101411 
101490 
101500 
101501 
101590 
101600 
101601 
101602 
101610 
101611 
101620 
101621 
101630 
101690 
101691 
101700 
101701 
101710 
101711 
101730 
101790 
101800 
101801 
101890 
101900 
101901 
101902 
101910 
101911 
101950 
101960 
101961 
101990 
101991 
101992 
102300 
102301 
102302 
102303 
102390 
102500 
102505 
102550 
102555 
102590 
102700 
102790 
102900 
103100 
103105 
103110 
103115 
103120 
103190 
103200 
103201 
103230 
103291 
103292 
103300 
103301 
103340 
103390 
103400 
103405 
103410 
103450 
103490 
201000 
201001 
201100 
201101 
201150 
201155 
201190 
202100 
202110 
202115 
202120 
202125 
202190 
202192 
202400 
202401 
202410 
202450 
202490 
206300 
400300 
400305 
400310 
400315 
503500 
503501 
503505 
503506 
503510 
503511 
503515 
503530 
503531 
503532 
503533 
503590 
503591 
503600 
503601 
503605 
503606 
503610 
503611 
503650 
503655 
503660 
503665 
503690 
503691 
503700 
503701 
503705 
503710 
503711 
503712 
503715 
503716 
503730 
503790 
998000 
998001 
998002 
998003 
998004 
