10140400 
10140401 
10140410 
10140412 
10140436 
10140437 
10140438 
10140439 
10140440 
10140445 
10140446 
10140447 
10140450 
10140465 
10140471 
10140475 
10140480 
10140481 
10140485 
10140490 
10140500 
10140501 
10140502 
10140503 
10140504 
10140551 
10140600 
10140601 
10140602 
10140603 
10140604 
10140650 
10140652 
10140653 
10140700 
10140701 
10140702 
10140703 
10140704 
10140705 
10140706 
10140708 
10141020 
10141170 
10141180 
10141200 
10141320 
10141350 
10141400 
10141401 
10141405 
10141406 
10141500 
10141501 
10141502 
10141503 
10141504 
10141505 
10141506 
10141507 
10141508 
10141509 
10141545 
10141550 
10141555 
10141590 
10141700 
10141705 
10141800 
10141810 
10141900 
10141901 
10141902 
10142500 
10143000 
10143005 
10143030 
10143035 
10143100 
10143101 
10143200 
10143201 
10143300 
10143301 
10143302 
10143303 
10143304 
10143305 
10143800 
10143801 
10143802 
10143804 
10143805 
10143806 
10143900 
10143901 
10143902 
10143903 
10143904 
10143905 
10143910 
10143911 
10143912 
10143913 
10143914 
10143915 
10143920 
10143921 
10143922 
10143923 
10143924 
10143925 
10143930 
10143931 
10143932 
10143933 
10143934 
10143935 
10143940 
10143941 
10143942 
10143943 
10143944 
10143945 
10144000 
10144100 
10144200 
10144300 
10145060 
10145070 
10145080 
10145110 
10145120 
10145130 
10146000 
10146010 
10146020 
10146030 
10146040 
10146050 
10146060 
10146070 
10146080 
10146090 
10146100 
10146110 
10146120 
10146130 
10146140 
10146150 
10146160 
10146170 
10146180 
10146190 
10146200 
10146210 
10146220 
10146230 
10146240 
10146250 
10146260 
10146270 
10146280 
10146290 
10146300 
10146310 
10146320 
10146330 
10146340 
10146350 
10146360 
10146370 
10146380 
10146390 
10146400 
10146410 
10146420 
10146430 
10146440 
10146450 
10146460 
10146470 
10146480 
10146490 
10146500 
10146510 
10146520 
