10320400 
10320405 
10320406 
10320410 
10320600 
10320601 
10320603 
10320651 
10320652 
10321200 
10321203 
10321204 
10321208 
10321209 
10321210 
10321211 
10321213 
10321214 
10321215 
10321216 
10321217 
10321218 
10321219 
10321220 
10321221 
10321250 
10321260 
10321261 
10321300 
10321301 
10321302 
10321303 
10321304 
10321305 
10321306 
10321307 
10321308 
10321309 
10321310 
10321311 
10321500 
10321505 
10322100 
10322101 
10323000 
10323010 
10323011 
10323012 
10323013 
10323014 
10323015 
10323500 
10323501 
10323502 
10323503 
10323504 
10323505 
10323506 
10323507 
10323508 
10323520 
10323521 
10323522 
10323523 
10323524 
10323535 
10323536 
10323537 
10323538 
10323539 
10323540 
10323541 
10323700 
10323701 
10323702 
10323703 
10323704 
10323705 
10323706 
10323707 
10323708 
10323709 
10323710 
10323711 
10323712 
10323713 
10323714 
10323800 
10323810 
10323811 
10323812 
10323813 
10323900 
10323901 
10323902 
10323903 
10323904 
10323905 
10323910 
10323911 
10323912 
10323913 
10323914 
10323915 
10323920 
10323921 
10323922 
10323923 
10323924 
10323925 
10323930 
10323931 
10323932 
10323933 
10323934 
10323935 
10324000 
10324100 
10324200 
10324300 
10324600 
10325000 
10325010 
10325020 
10325030 
10325040 
10325050 
10325060 
10325080 
10325100 
10325110 
10325120 
10326000 
10326010 
10326020 
10326030 
10326040 
10326050 
10326060 
10326070 
10326080 
10326090 
10326100 
10326110 
10326120 
10326130 
10326140 
10326150 
10326160 
10326170 
10326180 
10326190 
10326200 
10326210 
10326220 
10326230 
10326240 
10326250 
10326260 
10326270 
10326280 
