10330500 
10330600 
10330601 
10330640 
10330641 
10330651 
10330660 
10330700 
10330701 
10330704 
10330705 
10330706 
10330710 
10331000 
10331015 
10331020 
10331025 
10331055 
10331085 
10331090 
10331095 
10331100 
10331105 
10331110 
10331130 
10331140 
10331145 
10331150 
10331160 
10331300 
10331310 
10331315 
10331320 
10331325 
10331330 
10331335 
10331340 
10331345 
10332100 
10332105 
10332110 
10332115 
10332120 
10332125 
10332300 
10332305 
10332310 
10332315 
10332320 
10332325 
10332500 
10332505 
10332510 
10332515 
10332520 
10332525 
10332570 
10332600 
10332601 
10332602 
10332620 
10332621 
10332622 
10332800 
10332805 
10332810 
10333000 
10333005 
10333010 
10333900 
10333901 
10333902 
10333903 
10333904 
10333905 
10333910 
10333911 
10333912 
10333913 
10333914 
10333915 
10333920 
10333921 
10333922 
10333923 
10333924 
10333925 
10334000 
10334100 
10335000 
10335010 
10335020 
10335030 
10335040 
10336000 
10336010 
10336020 
10336040 
10336050 
10336060 
10336070 
10336080 
