20210400 
20210401 
20210402 
20210403 
20210404 
20210405 
20210406 
20210407 
20210408 
20210410 
20210415 
20210420 
20210421 
20210422 
20210423 
20210430 
20210440 
20210441 
20210442 
20210443 
20210444 
20210445 
20210500 
20210501 
20210601 
20210602 
20210605 
20210606 
20210607 
20210608 
20210610 
20210650 
20210655 
20210660 
20210665 
20211000 
20211001 
20211002 
20211003 
20211100 
20211105 
20211110 
20211115 
20211200 
20211300 
20211301 
20211302 
20211303 
20211304 
20211305 
20211400 
20211401 
20211402 
20211500 
20211510 
20211520 
20211530 
20211540 
20211600 
20211700 
20211800 
20211810 
20212000 
20212500 
20212505 
20212510 
20212515 
20212520 
20212600 
20212605 
20212620 
20212700 
20212705 
20213000 
20213100 
20213110 
20213700 
20213701 
20213702 
20213703 
20213705 
20213706 
20213707 
20213708 
20213709 
20213710 
20213711 
20213712 
20213713 
20213714 
20213715 
20213716 
20213717 
20213718 
20213719 
20213720 
20213721 
20213800 
20213801 
20213802 
20213803 
20213804 
20213900 
20213901 
20213902 
20213903 
20213904 
20213905 
20213910 
20213911 
20213912 
20213913 
20213914 
20213915 
20213920 
20213921 
20213922 
20213923 
20213924 
20213925 
20213930 
20213931 
20213932 
20213933 
20213934 
20213935 
20213940 
20213941 
20213942 
20213943 
20213944 
20213945 
20214000 
20214200 
20214300 
20215000 [Chest] Treasure
20215010 [Chest] Treasure
20215020 [Chest] Treasure
20215050 [Chest] Treasure
20215060 [Chest] Treasure
20215070 [Chest] Treasure
20215080 [Chest] Treasure
20215090 [Chest] Treasure
20215100 [Chest] Treasure
20215110 [Chest] Treasure
20215120 [Chest] Treasure
20215130 [Chest] Treasure
20215140 [Chest] Treasure
20215150 [Chest] Treasure
20215160 [Chest] Treasure
20215170 [Chest] Treasure
20216000 [Corpse] Treasure
20216010 [Corpse] Treasure
20216020 [Corpse] Treasure
20216030 [Corpse] Treasure
20216040 [Corpse] Treasure
20216050 [Corpse] Treasure
20216060 [Corpse] Treasure
20216070 [Corpse] Treasure
20216080 [Corpse] Treasure
20216090 [Corpse] Treasure
20216100 [Corpse] Treasure
20216110 [Corpse] Treasure
20216120 [Corpse] Treasure
20216130 [Corpse] Treasure
20216140 [Corpse] Treasure
