10340501 
10340502 
10340503 
10340504 
10340505 
10340506 
10340507 
10340508 
10340600 
10340605 
10340610 
10340615 
10340620 
10340650 
10340655 
10340700 
10340701 
10341010 
10341011 
10341030 
10341100 
10341110 
10341111 
10341120 
10341121 
10341130 
10341131 
10341140 
10341141 
10342000 
10342001 
10342002 
10342004 
10342100 
10342101 
10342102 
10342103 
10342200 
10342205 
10342210 
10342215 
10342225 
10342230 
10342500 
10342505 
10342510 
10343900 
10343901 
10343902 
10343903 
10343904 
10343905 
10343910 
10343911 
10343912 
10343913 
10343914 
10343915 
10343920 
10343921 
10343922 
10343923 
10343924 
10343925 
10344000 
10345000 [Chest] Treasure
10345010 [Chest] Treasure
10345020 [Chest] Treasure
10346000 [Corpse] Treasure
10346010 [Corpse] Treasure
10346020 [Corpse] Treasure
10346030 [Corpse] Treasure
10346040 [Corpse] Treasure
10346050 [Corpse] Treasure
10346060 [Corpse] Treasure
10346070 [Corpse] Treasure
10346080 [Corpse] Treasure
10346090 [Corpse] Treasure
10346100 [Corpse] Treasure
10346110 [Corpse] Treasure
