20100404 
20100407 
20100500 
20100501 
20100502 
20100600 
20100601 
20100700 
20101000 
20101001 
20101050 
20101100 
20101110 
20101200 
20101210 
20101220 
20101350 
20101351 
20101352 
20101354 
20101356 
20102301 
20102302 
20102303 
20102306 
20102313 
20102314 
20102315 
20102317 
20102320 
20102321 
20102322 
20102323 
20102324 
20102325 
20102326 
20102327 
20102328 
20102329 
20102330 
20102350 
20102351 
20102352 
20102353 
20102354 
20102355 
20102356 
20102357 
20102358 
20102359 
20102400 
20102402 
20102403 
20102404 
20102450 
20102452 
20102453 
20102454 
20102500 
20102501 
20102502 
20102503 
20102504 
20102550 
20102551 
20102552 
20102600 
20102700 
20103000 
20103005 
20103050 
20103055 
20103500 
20103510 
20103520 
20103600 
20103601 
20103602 
20103603 
20103604 
20103605 
20103606 
20103607 
20103608 
20103609 
20103610 
20103611 
20103612 
20103613 
20103614 
20103615 
20103616 
20103617 
20103618 
20103619 
20103640 
20103650 
20103651 
20103652 
20103653 
20103654 
20103655 
20103656 
20103657 
20103658 
20103659 
20103660 
20103661 
20103662 
20103663 
20103664 
20103665 
20103666 
20103667 
20103668 
20103669 
20103670 
20103671 
20103672 
20103673 
20103674 
20103675 
20103680 
20103700 
20103701 
20103702 
20103703 
20103704 
20103705 
20103706 
20103707 
20103800 
20103801 
20103803 
20103804 
20103806 
20103808 
20103809 
20103810 
20103811 
20103812 
20103813 
20103814 
20103815 
20103900 
20103901 
20103902 
20103903 
20103904 
20103905 
20103910 
20103911 
20103912 
20103913 
20103914 
20103915 
20104000 
20104100 
20105000 [Chest] Treasure
20105010 [Chest] Treasure
20105020 [Chest] Treasure
20105030 [Chest] Treasure
20105040 [Chest] Treasure
20105050 [Chest] Treasure
20105060 [Chest] Treasure
20106000 [Corpse] Treasure
20106010 [Corpse] Treasure
20106020 [Corpse] Treasure
20106030 [Corpse] Treasure
20106040 [Corpse] Treasure
20106050 [Corpse] Treasure
20106060 [Corpse] Treasure
20106070 [Corpse] Treasure
20106080 [Corpse] Treasure
20106090 [Corpse] Treasure
20106100 [Corpse] Treasure
20106110 [Corpse] Treasure
20106120 [Corpse] Treasure
20106130 [Corpse] Treasure
20106140 [Corpse] Treasure
20106150 [Corpse] Treasure
