0 
1 
2 
3 
4 
5 
6 
7 
8 
9 
10 
11 
12 
13 
14 
15 
16 
17 
18 
19 
20 
21 
22 
23 
24 
25 
26 
27 
28 
29 
30 
31 
32 
33 
34 
35 
36 
37 
100 
101 
110 
120 
121 
122 
123 
130 
131 
140 
150 
160 
170 
180 
190 
195 
200 
210 
211 
220 
225 
230 
231 
235 
240 
250 
260 
270 
280 
290 
300 
310 
320 
330 
340 
350 
360 
365 
370 
371 
372 
373 
374 
380 
381 
390 
400 
410 
420 
430 
440 
450 
460 
470 
480 
490 
491 
500 
501 
510 
511 
520 
521 
530 
540 
550 
560 
570 
575 
580 
590 
900 
901 
902 
903 
904 
905 
1000 
1001 
1002 
1003 
1004 
1005 
1006 
1007 
1050 
1051 
1052 
1053 
1054 
1055 
1056 
1057 
1100 
1101 
1102 
1103 
1104 
1105 
1106 
1107 
1150 
1151 
1200 
1201 
1202 
1203 
1204 
1205 
1206 
1207 
1208 
1209 
1210 
1211 
1212 
1213 
1214 
1215 
1216 
1217 
1250 
1251 
1252 
1253 
1254 
1255 
1256 
1257 
1258 
1259 
1260 
1261 
1262 
1263 
1264 
1265 
1266 
1267 
1300 
1301 
1302 
1303 
1304 
1305 
1306 
1307 
1308 
1309 
1310 
1311 
1312 
1313 
1314 
1315 
1316 
1317 
1350 
1351 
1352 
1353 
1354 
1355 
1356 
1357 
1358 
1359 
1360 
1361 
1362 
1363 
1364 
1365 
1366 
1367 
1400 
1401 
1402 
1403 
1404 
1405 
1406 
1407 
1408 
1409 
1410 
1411 
1412 
1413 
1414 
1415 
1416 
1417 
1450 
1451 
1452 
1453 
1454 
1455 
1456 
1457 
1458 
1459 
1460 
1461 
1462 
1463 
1464 
1465 
1466 
1467 
1500 
1501 
1502 
1503 
1504 
1505 
1506 
1507 
1508 
1509 
1510 
1511 
1512 
1513 
1514 
1515 
1516 
1517 
1550 
1551 
1552 
1553 
1554 
1555 
1556 
1557 
1558 
1559 
1560 
1561 
1562 
1563 
1564 
1600 
1601 
1602 
1603 
1604 
1605 
1606 
1607 
1608 
1650 
1651 
1652 
1653 
1654 
1655 
1656 
1657 
1658 
1659 
1660 
1661 
1662 
1663 
1664 
1665 
1666 
1667 
1700 
1701 
1702 
1800 
1801 
1802 
1803 
1804 
1805 
1806 
1810 
1900 
1901 
1902 
1903 
1904 
1905 
1906 
1910 
1920 
