10270400 
10270405 
10270410 
10270500 
10270550 
10270551 
10270601 
10270602 
10270650 
10270655 
10271000 
10271002 
10271005 
10271006 
10271008 
10271009 
10271010 
10271011 
10271012 
10271020 
10271021 
10271022 
10271100 
10271101 
10271102 
10271103 
10271104 
10271105 
10271106 
10271107 
10271108 
10271109 
10271120 
10271121 
10271122 
10271123 
10271124 
10271125 
10271200 
10271210 
10271300 
10271301 
10271302 
10271303 
10271304 
10271800 
10272000 
10272500 
10272600 
10272700 
10273000 
10273001 
10273002 
10273100 
10273101 
10273102 
10273103 
10273104 
10273105 
10273106 
10273107 
10273108 
10273109 
10273110 
10273111 
10273112 
10273113 
10273114 
10273115 
10273116 
10273117 
10273118 
10273119 
10273120 
10273200 
10273201 
10273202 
10273203 
10273204 
10273205 
10273206 
10273207 
10273208 
10273209 
10273210 
10273211 
10273300 
10273301 
10273302 
10273303 
10273304 
10273305 
10273306 
10273307 
10273308 
10273309 
10273310 
10273311 
10273900 
10273901 
10273902 
10273903 
10273904 
10273905 
10273910 
10273911 
10273912 
10273913 
10273914 
10273915 
10273920 
10273921 
10273922 
10273923 
10273924 
10273925 
10275000 
10275010 
10275020 
10275030 
10275040 
10275050 
10275060 
10275070 
10276000 
10276010 
10276020 
10276030 
10276040 
10276050 
10276060 
10276070 
10276080 
10276090 
10276100 
10276110 
10276120 
10276130 
10276140 
10276150 
10276160 
10276170 
10276180 
10276190 
