0 
1 
10 
11 
12 
13 
14 
15 
16 
17 
18 
19 
20 
21 
22 
23 
24 
25 
26 
27 
28 
290 
900 
901 
902 
903 
904 
906 
907 
908 
909 
910 
912 
913 
915 
923 
1030 
2000 
2001 
2002 
2004 
2010 
2012 
2013 
2020 
2030 
2040 
2050 
2060 
2090 
2100 
2110 
2111 
2113 
2120 
2200 
2230 
2240 
2241 
2242 
2243 
2244 
2245 
2250 
2260 
2270 
2280 
2310 
2313 
2315 
2320 
2420 
2445 
2460 
2470 
2490 
2500 
2550 
2560 
2601 
2611 
2620 
2660 
2700 
2720 
2730 
2740 
2750 
2995 
2996 
2999 
3005 
3006 
6001 
6002 
22000 
39400 
39410 
49501 
49502 
101180 
102000 
102010 
102030 
102100 
102150 
102160 
102340 
102350 
107000 
107001 
109000 
109400 
109401 
109402 
109403 
109404 
109405 
109406 
109407 
109408 
109409 
109410 
109411 
109412 
109413 
109414 
109415 
109416 
109417 
109418 
109419 
109420 
112000 
112100 
142000 
142010 
142020 
142050 
142110 
142121 
152000 
152005 
152020 
152030 
152040 
152050 
157000 
159001 
159008 
159009 
161210 
161300 
161303 
161304 
161305 
161400 
162001 
172002 
172021 
181303 
182010 
182020 
182040 
182060 
182061 
211100 
219036 
219037 
219038 
219300 
219330 
219406 
219407 
219408 
237000 
237001 
237002 
237003 
237004 
237005 
237006 
237010 
237011 
237012 
237020 
237030 
237031 
237032 
237033 
237040 
239003 
249000 
249500 
249510 
249520 
252010 
252011 
252012 
252013 
252020 
252021 
252022 
252023 
252121 
297001 
321050 
321060 
322000 
322010 
322011 
327000 
327001 
327002 
327003 
327004 
327005 
327006 
329020 
329021 
332000 
351000 
352010 
352012 
352015 
352016 
353005 
353006 
354000 
354001 
354002 
361070 
362000 
362001 
362002 
362100 
362244 
362350 
369039 
369045 
369046 
369047 
369048 
369049 
372000 
372010 
377000 
379004 
379005 
379006 
379007 
379008 
379009 
850200 
850210 
850300 
850350 
850500 
850510 
850520 
850600 
850620 
850640 
850660 
850680 
850700 
850800 
850900 
850910 
850920 
851000 
851010 
851800 
851900 
851910 
859000 
871000 
