650 
655 
2650 
4650 
10655 
10660 
10670 
10675 
11650 
11655 
11660 
11670 
14650 
14655 
14660 
15650 
15655 
16650 
16655 
16660 
16665 
16670 
16675 
16685 
17650 
17655 
17665 
17670 
17675 
18650 
19650 
19655 
19660 
19665 
21650 
21655 
21660 
21665 
23650 
23655 
23660 
23665 
24650 
24655 
25650 
25655 
25660 
25665 
27650 
27655 
29650 
31650 
31655 
31660 
32655 
32660 
33655 
33660 
34650 
34655 
35650 
35655 
35665 
35670 
35675 
35680 
35685 
36650 
36655 
36660 
36665 
36670 
36675 
37650 
37660 
37665 
37670 
37675 
37685 
62650 
62651 
62652 
62653 
