20110415 
20110435 
20110440 
20110450 
20110455 
20110460 
20110480 
20110485 
20110490 
20110600 
20110602 
20110605 
20110607 
20110610 
20110650 
20110655 
20110660 
20110670 
20110700 
20110702 
20110704 
20110706 
20110708 
20110710 
20110712 
20110714 
20110716 
20111200 
20111330 
20111400 
20111410 
20111420 
20111500 
20111510 
20113800 
20113900 
20113901 
20113902 
20113903 
20113904 
20113905 
20113910 
20113911 
20113912 
20113913 
20113914 
20113915 
20113920 
20113921 
20113922 
20113923 
20113924 
20113925 
20114000 
20114100 
20114606 
20114607 
20114608 
20114609 
20114610 
20114611 
20114612 
20114728 
20114729 
20114730 
20115000 
20115010 
20115020 
20115030 
20115040 
20115050 
20115060 
20115070 
20115080 
20115090 
20115100 
20115110 
20115500 
20116000 
20116010 
20116020 
20116030 
20116040 
20116050 
20116060 
20116070 
20116080 
20116090 
20116100 
20116110 
20116120 
20116130 
20116140 
20116150 
20116160 
20116170 
20116180 
20116190 
20116200 
20116210 
20116220 
