0 
100 
200 
202 
240 
290 
300 
301 
302 
303 
305 
306 
314 
316 
700 
720 
760 
780 
900 
902 
904 
906 
909 
913 
923 
1030 
1062 
1064 
1080 
1900 
1901 
1930 
2000 
2001 
2002 
2004 
2010 
2012 
2013 
2030 
2040 
2050 
2060 
2070 
2080 
2090 
2100 
2110 
2111 
2113 
2120 
2200 
2230 
2240 
2241 
2242 
2243 
2244 
2245 
2250 
2260 
2270 
2280 
2310 
2313 
2315 
2320 
2390 
2400 
2420 
2445 
2470 
2490 
2500 
2530 
2550 
2560 
2601 
2611 
2660 
2700 
2720 
2730 
2740 
2750 
2995 
2996 
2999 
3001 
3005 
3006 
4913 
4914 
4915 
4917 
4918 
6001 
6002 
6090 
9011 
9012 
9013 
9015 
9040 
9050 
9070 
9105 
9113 
9200 
9250 
9900 
9901 
9902 
9903 
20900 
20901 
20902 
21030 
21050 
22000 
22001 
28520 
28521 
29020 
29100 
31900 
39400 
39410 
40240 
40400 
40900 
40910 
41000 
41010 
41020 
41040 
41110 
41111 
42020 
42030 
49000 
49010 
49020 
49300 
49500 
49501 
49502 
49503 
49504 
49505 
49506 
49507 
49508 
49509 
100450 
100476 
100920 
100921 
100922 
100923 
100924 
100925 
100926 
100927 
100928 
101001 
101005 
101010 
101050 
101113 
101150 
101160 
101161 
101180 
102000 
102010 
102030 
102100 
102120 
102130 
102150 
102160 
102170 
102171 
102249 
102250 
102260 
102340 
102350 
102360 
102370 
102400 
106000 
107000 
107001 
107010 
109000 
109001 
109020 
109030 
109060 
109070 
109085 
109110 
109210 
109240 
109260 
109270 
109280 
109290 
109400 
109401 
109402 
109403 
109404 
109405 
109406 
109407 
109408 
109409 
109410 
109411 
109412 
109413 
109414 
109415 
109416 
109417 
109418 
109419 
109420 
110400 
110410 
111005 
111030 
111900 
112000 
112040 
112050 
112100 
119001 
140300 
140302 
140372 
140400 
140420 
140900 
140902 
140904 
140907 
141000 
141020 
141050 
141060 
141160 
141210 
141220 
141350 
141360 
141370 
141380 
141900 
141920 
142000 
142010 
142020 
142030 
142050 
142080 
142090 
142100 
142110 
142120 
142121 
142130 
142140 
142150 
147000 
149040 
149070 
149080 
150300 
150471 
151010 
151060 
151800 
152000 
152001 
152002 
152003 
152005 
152020 
152030 
152040 
152050 
157000 
159001 
159003 
159006 
159008 
159009 
159013 
159021 
159022 
159040 
159050 
159070 
159080 
159100 
159110 
160370 
160400 
160410 
160420 
160900 
160901 
160902 
160903 
160906 
160907 
160908 
160910 
160913 
161020 
161040 
161050 
161070 
161080 
161090 
161100 
161110 
161120 
161140 
161170 
161180 
161185 
161200 
161210 
161230 
161250 
161300 
161303 
161304 
161305 
161310 
161400 
161600 
161910 
161920 
162001 
162002 
162003 
162005 
162006 
162010 
169002 
169020 
169040 
169050 
170400 
170410 
170900 
170901 
170902 
170903 
170904 
170905 
170906 
171020 
171030 
171040 
171060 
171061 
171062 
171063 
171090 
171100 
171250 
171300 
171301 
171310 
172001 
172002 
172010 
172011 
172020 
172021 
179010 
179020 
179040 
179080 
179081 
179082 
179090 
179120 
179130 
179140 
179150 
179200 
180900 
181000 
181010 
181020 
181030 
181050 
181060 
181070 
181080 
181303 
181900 
182000 
182010 
182020 
182030 
182040 
182050 
182060 
182061 
182070 
182090 
190700 
190900 
190902 
190903 
190906 
190909 
190910 
190912 
190915 
191002 
191003 
191004 
191015 
191020 
191030 
191040 
191050 
191051 
191052 
191053 
191054 
191055 
191056 
191057 
191058 
191059 
191061 
191062 
191063 
191064 
191065 
191066 
191070 
191080 
191090 
191110 
191120 
191130 
191140 
191142 
191150 
191151 
191301 
191400 
191700 
191900 
199004 
199006 
199010 
199020 
199021 
199030 
210476 
210900 
211010 
211020 
211030 
211040 
211050 
211100 
211150 
211190 
211200 
212000 
219035 
219036 
219037 
219038 
219045 
219051 
219055 
219066 
219070 
219080 
219085 
219100 
219110 
219300 
219310 
219330 
219400 
219401 
219402 
219403 
219404 
219405 
219406 
219407 
219408 
219409 
219410 
219600 
231001 
231002 
231010 
231020 
231040 
231045 
231050 
231060 
231070 
232000 
232010 
232011 
232020 
237000 
237001 
237002 
237003 
237004 
237005 
237006 
237010 
237011 
237012 
237020 
237030 
237031 
237032 
237033 
237040 
239003 
239004 
239005 
239010 
240900 
241100 
241110 
241120 
241130 
241140 
241900 
241901 
242010 
242020 
242030 
249000 
249002 
249007 
249500 
249510 
249520 
250200 
250900 
250902 
250903 
250904 
250907 
250909 
250910 
250915 
250929 
251000 
251010 
251020 
251030 
251031 
251060 
251061 
251900 
251920 
252001 
252010 
252011 
252012 
252013 
252015 
252020 
252021 
252022 
252023 
252030 
252061 
252063 
252064 
252120 
252121 
253004 
256000 
256001 
256002 
261000 
270900 
271000 
271040 
272000 
276000 
279020 
291000 
291001 
297001 
310329 
310400 
310620 
311000 
311010 
311020 
311030 
311040 
311050 
311060 
311070 
319004 
320476 
320480 
321010 
321020 
321040 
321041 
322000 
322010 
322011 
327000 
327001 
327003 
327004 
327005 
327007 
329003 
329020 
329021 
329030 
329031 
329400 
330906 
331050 
331051 
331060 
331063 
331065 
331066 
331067 
331900 
331930 
332000 
339100 
339101 
339402 
340900 
340902 
340909 
341000 
341010 
349000 
349001 
349002 
349003 
349010 
349011 
349012 
350350 
350400 
350480 
350700 
350701 
350702 
350710 
350740 
350901 
350904 
350906 
350909 
350913 
351000 
351060 
351070 
351071 
351102 
351103 
351104 
351106 
351108 
351110 
351111 
351112 
351113 
351114 
351115 
351120 
351130 
351900 
351901 
352010 
352011 
352012 
352015 
352016 
352020 
352050 
352530 
353005 
353006 
354000 
354001 
354002 
356040 
359001 
359002 
359003 
359010 
359040 
359041 
359050 
359051 
359052 
359053 
359055 
359058 
359060 
359070 
359071 
359200 
359300 
359310 
360470 
360471 
360480 
360900 
360901 
360902 
360903 
360904 
360905 
360906 
360907 
360908 
360910 
360911 
361000 
361060 
361070 
361100 
361110 
361150 
361160 
361200 
361201 
361202 
361203 
361204 
361205 
361206 
361250 
361251 
361252 
361260 
361300 
361500 
362000 
362001 
362002 
362100 
362244 
362350 
362400 
362401 
362402 
362530 
362600 
369000 
369001 
369002 
369003 
369004 
369005 
369006 
369007 
369008 
369012 
369013 
369014 
369015 
369017 
369018 
369021 
369022 
369023 
369024 
369025 
369026 
369027 
369028 
369030 
369031 
369032 
369033 
369034 
369035 
369037 
369038 
369039 
369040 
369041 
369045 
369046 
369047 
369048 
369049 
369057 
369058 
369060 
369065 
369066 
369067 
369068 
369070 
369080 
369081 
369090 
369100 
369110 
369120 
369200 
369201 
369300 
370480 
370900 
370901 
370902 
370903 
370904 
370905 
370910 
371005 
371010 
371020 
371030 
371040 
371041 
371042 
371043 
371044 
371045 
371046 
371047 
371048 
371070 
371080 
371090 
371091 
371092 
371093 
371100 
371101 
371110 
371111 
371120 
371130 
371140 
371150 
371151 
371160 
371170 
371171 
371180 
371301 
371900 
372000 
372010 
372050 
372051 
372530 
377000 
378000 
378001 
378002 
378003 
378004 
378005 
378006 
379000 
379001 
379002 
379004 
379005 
379006 
379007 
379008 
379009 
379020 
379030 
379040 
379060 
379061 
379062 
379063 
379200 
379240 
379241 
381060 
850100 
850120 
850200 
850204 
850210 
850300 
850400 
850500 
850510 
850520 
850600 
850620 
850640 
850660 
850680 
850700 
850720 
850800 
850900 
850910 
850920 
851000 
851010 
851100 
851800 
851810 
851900 
851910 
859000 
859010 
859020 
871000 
