10020000 
10020001 
10020002 
10040000 
10040001 
10040002 
10100000 
10100001 
10100002 
10140000 
10140001 
10140002 
10150000 
10150001 
10150002 
10160000 
10160001 
10160002 
10180000 
10180001 
10180002 
10190000 
10190001 
10190002 
10230000 
10230001 
10230002 
10250000 
10250001 
10250002 
10330000 
10330001 
10330002 
10340000 
10340001 
10340002 
20110000 
20110001 
20110002 
20240000 
20240001 
20240002 
40030000 
40030001 
40030002 
50350000 
50350001 
50350002 
50370000 
50370001 
50370002 
90800000 
90800001 
90800002 
99999997 
99999998 
99999999 
