0 
1 
100 
110 
200 
201 
202 
210 
211 
230 
240 
241 
242 
243 
244 
245 
246 
247 
248 
249 
250 
251 
252 
253 
254 
255 
256 
257 
258 
259 
260 
290 
300 
301 
302 
303 
304 
305 
306 
307 
308 
310 
311 
312 
314 
315 
316 
317 
318 
320 
321 
322 
323 
324 
325 
326 
327 
328 
329 
330 
370 
371 
372 
373 
374 
375 
400 
470 
471 
472 
473 
474 
475 
476 
500 
501 
502 
503 
504 
505 
600 
620 
640 
660 
680 
700 
720 
721 
740 
760 
780 
800 
801 
802 
803 
804 
805 
806 
807 
808 
809 
810 
900 
901 
902 
903 
904 
905 
906 
907 
908 
909 
910 
911 
912 
913 
914 
915 
916 
917 
918 
919 
920 
921 
922 
923 
924 
925 
926 
927 
928 
929 
930 
931 
932 
933 
940 
1010 
1011 
1015 
1016 
1020 
1030 
1040 
1050 
1060 
1061 
1062 
1063 
1064 
1080 
1100 
1800 
1810 
1900 
1901 
1930 
1960 
2000 
2001 
2002 
2003 
2004 
2010 
2011 
2012 
2013 
2015 
2020 
2030 
2040 
2050 
2060 
2070 
2080 
2090 
2100 
2110 
2111 
2112 
2113 
2114 
2120 
2130 
2200 
2210 
2220 
2230 
2240 
2241 
2242 
2243 
2244 
2245 
2250 
2260 
2270 
2280 
2290 
2300 
2310 
2313 
2315 
2320 
2330 
2340 
2350 
2360 
2370 
2380 
2390 
2400 
2410 
2420 
2430 
2440 
2445 
2450 
2460 
2470 
2480 
2490 
2500 
2510 
2520 
2530 
2540 
2550 
2560 
2570 
2580 
2590 
2600 
2601 
2610 
2611 
2612 
2613 
2620 
2630 
2640 
2650 
2660 
2670 
2680 
2690 
2700 
2710 
2720 
2730 
2740 
2750 
2990 
2991 
2992 
2993 
2994 
2995 
2996 
2997 
2998 
2999 
3000 
3001 
3002 
3003 
3004 
3005 
3006 
3007 
3015 
3016 
3020 
3030 
4900 
4901 
4902 
4903 
4904 
4905 
4907 
4908 
4909 
4910 
4911 
4912 
4913 
4914 
4915 
4917 
4918 
5000 
5010 
6000 
6001 
6002 
6003 
6010 
6011 
6020 
6030 
6031 
6040 
6050 
6060 
6070 
6080 
6090 
7000 
7100 
9000 
9010 
9011 
9012 
9013 
9014 
9015 
9016 
9020 
9030 
9040 
9050 
9060 
9070 
9100 
9105 
9110 
9113 
9114 
9115 
9116 
9118 
9119 
9123 
9150 
9200 
9250 
9300 
9400 
9401 
9402 
9403 
9500 
9600 
9601 
9602 
9700 
9800 
9801 
9802 
9803 
9804 
9805 
9806 
9807 
9808 
9809 
9810 
9811 
9812 
9900 
9901 
9902 
9903 
20001 
20300 
20900 
20901 
20902 
21000 
21010 
21020 
21030 
21050 
22000 
22001 
28500 
28501 
28502 
28510 
28511 
28520 
28521 
28522 
29000 
29010 
29020 
29100 
30370 
30371 
30430 
30640 
31000 
31900 
32000 
32010 
32020 
35000 
39000 
39010 
39020 
39025 
39030 
39040 
39050 
39060 
39070 
39080 
39090 
39100 
39400 
39410 
39500 
39510 
39520 
40100 
40230 
40240 
40400 
40470 
40900 
40905 
40910 
40920 
40930 
40940 
41000 
41010 
41020 
41030 
41031 
41040 
41100 
41101 
41102 
41103 
41110 
41111 
42000 
42010 
42020 
42030 
42040 
42270 
42280 
42300 
42310 
42560 
49000 
49010 
49020 
49030 
49040 
49050 
49060 
49070 
49080 
49090 
49100 
49110 
49120 
49130 
49140 
49200 
49300 
49500 
49501 
49502 
49503 
49504 
49505 
49506 
49507 
49508 
49509 
49510 
49511 
100330 
100340 
100350 
100430 
100440 
100450 
100476 
100500 
100501 
100502 
100503 
100600 
100700 
100900 
100901 
100902 
100903 
100904 
100905 
100906 
100907 
100908 
100909 
100910 
100911 
100912 
100913 
100914 
100915 
100916 
100917 
100920 
100921 
100922 
100923 
100924 
100925 
100926 
100927 
100928 
101000 
101001 
101005 
101010 
101011 
101012 
101020 
101030 
101040 
101050 
101060 
101070 
101080 
101090 
101100 
101110 
101111 
101112 
101113 
101120 
101130 
101140 
101150 
101160 
101161 
101170 
101171 
101180 
101800 
102000 
102010 
102030 
102040 
102050 
102060 
102070 
102080 
102090 
102100 
102110 
102120 
102130 
102140 
102150 
102160 
102170 
102171 
102180 
102190 
102200 
102210 
102220 
102230 
102240 
102249 
102250 
102260 
102270 
102280 
102290 
102300 
102310 
102320 
102330 
102340 
102350 
102360 
102370 
102380 
102390 
102400 
106000 
106010 
107000 
107001 
107010 
108500 
108510 
108520 
109000 
109001 
109010 
109020 
109030 
109040 
109050 
109060 
109070 
109080 
109085 
109090 
109100 
109110 
109120 
109130 
109140 
109150 
109160 
109170 
109180 
109190 
109200 
109210 
109220 
109230 
109240 
109250 
109260 
109270 
109280 
109290 
109300 
109400 
109401 
109402 
109403 
109404 
109405 
109406 
109407 
109408 
109409 
109410 
109411 
109412 
109413 
109414 
109415 
109416 
109417 
109418 
109419 
109420 
110300 
110400 
110410 
110420 
110640 
111000 
111005 
111010 
111020 
111030 
111810 
111900 
112000 
112010 
112020 
112030 
112031 
112032 
112040 
112050 
112060 
112100 
112530 
119000 
119001 
119003 
119004 
119010 
119011 
119012 
119300 
131000 
139000 
139001 
139002 
139003 
140300 
140301 
140302 
140303 
140304 
140370 
140371 
140372 
140373 
140400 
140410 
140420 
140470 
140600 
140640 
140900 
140902 
140904 
140907 
141000 
141010 
141020 
141030 
141040 
141050 
141060 
141070 
141080 
141081 
141082 
141090 
141091 
141092 
141100 
141110 
141120 
141130 
141140 
141150 
141151 
141160 
141170 
141180 
141190 
141200 
141210 
141220 
141230 
141240 
141250 
141260 
141270 
141280 
141290 
141300 
141310 
141330 
141340 
141350 
141360 
141370 
141380 
141381 
141900 
141920 
142000 
142010 
142020 
142030 
142040 
142050 
142060 
142070 
142080 
142090 
142100 
142110 
142120 
142121 
142130 
142140 
142150 
146000 
147000 
149000 
149010 
149020 
149021 
149022 
149030 
149040 
149050 
149060 
149061 
149070 
149080 
150300 
150470 
150471 
150476 
150620 
150640 
151000 
151001 
151002 
151003 
151004 
151010 
151020 
151030 
151040 
151050 
151060 
151800 
152000 
152001 
152002 
152003 
152005 
152010 
152020 
152030 
152040 
152050 
157000 
159000 
159001 
159002 
159003 
159004 
159005 
159006 
159007 
159008 
159009 
159010 
159012 
159013 
159020 
159021 
159022 
159030 
159040 
159050 
159060 
159070 
159080 
159090 
159100 
159110 
160330 
160370 
160371 
160400 
160410 
160420 
160470 
160640 
160650 
160720 
160900 
160901 
160902 
160903 
160906 
160907 
160908 
160910 
160913 
161000 
161010 
161011 
161012 
161020 
161030 
161040 
161050 
161051 
161060 
161070 
161080 
161090 
161100 
161110 
161120 
161130 
161140 
161141 
161150 
161170 
161180 
161185 
161190 
161200 
161210 
161220 
161230 
161250 
161300 
161303 
161304 
161305 
161310 
161400 
161600 
161800 
161900 
161910 
161920 
162000 
162001 
162002 
162003 
162004 
162005 
162006 
162010 
162050 
168500 
168501 
169000 
169001 
169002 
169005 
169006 
169010 
169020 
169030 
169040 
169050 
170000 
170400 
170410 
170600 
170620 
170640 
170650 
170720 
170780 
170900 
170901 
170902 
170903 
170904 
170905 
170906 
171000 
171010 
171020 
171030 
171040 
171050 
171051 
171060 
171061 
171062 
171063 
171080 
171090 
171100 
171250 
171300 
171301 
171310 
171800 
172000 
172001 
172002 
172003 
172010 
172011 
172020 
172021 
172030 
172040 
172050 
173000 
173003 
173004 
179000 
179001 
179002 
179003 
179004 
179005 
179010 
179020 
179030 
179040 
179050 
179060 
179070 
179080 
179081 
179082 
179090 
179100 
179110 
179120 
179130 
179140 
179150 
179200 
179300 
180600 
180640 
180650 
180660 
180900 
181000 
181010 
181020 
181030 
181040 
181050 
181060 
181070 
181080 
181303 
181800 
181810 
181900 
182000 
182010 
182020 
182030 
182040 
182050 
182060 
182061 
182070 
182090 
189000 
189010 
190370 
190371 
190640 
190660 
190700 
190900 
190902 
190903 
190906 
190909 
190910 
190912 
190915 
191000 
191001 
191002 
191003 
191004 
191010 
191015 
191020 
191030 
191040 
191050 
191051 
191052 
191053 
191054 
191055 
191056 
191057 
191058 
191059 
191060 
191061 
191062 
191063 
191064 
191065 
191066 
191070 
191080 
191090 
191100 
191101 
191110 
191111 
191120 
191130 
191140 
191141 
191142 
191150 
191151 
191160 
191200 
191300 
191301 
191400 
191700 
191800 
191900 
198500 
199000 
199001 
199002 
199003 
199004 
199005 
199006 
199010 
199020 
199021 
199030 
199300 
210300 
210330 
210340 
210350 
210370 
210430 
210440 
210470 
210476 
210480 
210481 
210482 
210640 
210900 
211000 
211001 
211002 
211003 
211004 
211005 
211010 
211020 
211030 
211040 
211050 
211100 
211110 
211120 
211130 
211150 
211190 
211200 
212000 
219000 
219010 
219020 
219030 
219035 
219036 
219037 
219038 
219040 
219045 
219050 
219051 
219055 
219060 
219065 
219066 
219070 
219075 
219080 
219085 
219090 
219100 
219110 
219200 
219300 
219310 
219320 
219330 
219400 
219401 
219402 
219403 
219404 
219405 
219406 
219407 
219408 
219409 
219410 
219500 
219501 
219600 
219700 
219750 
229000 
230620 
230640 
230660 
231000 
231001 
231002 
231010 
231020 
231030 
231040 
231045 
231050 
231060 
231070 
231080 
231090 
232000 
232010 
232011 
232020 
232530 
237000 
237001 
237002 
237003 
237004 
237005 
237006 
237010 
237011 
237012 
237020 
237030 
237031 
237032 
237033 
237040 
239000 
239001 
239002 
239003 
239004 
239005 
239010 
239015 
239020 
239030 
239031 
239050 
239300 
239320 
239800 
240300 
240620 
240660 
240900 
241000 
241010 
241020 
241030 
241040 
241050 
241060 
241070 
241080 
241090 
241100 
241110 
241120 
241130 
241140 
241500 
241800 
241900 
241901 
242000 
242010 
242020 
242030 
249000 
249001 
249002 
249003 
249004 
249005 
249006 
249007 
249500 
249510 
249520 
250200 
250250 
250300 
250470 
250900 
250902 
250903 
250904 
250907 
250909 
250910 
250915 
250929 
251000 
251010 
251020 
251030 
251031 
251060 
251061 
251900 
251901 
251920 
252000 
252001 
252010 
252011 
252012 
252013 
252015 
252020 
252021 
252022 
252023 
252030 
252040 
252050 
252060 
252061 
252062 
252063 
252064 
252070 
252120 
252121 
253003 
253004 
256000 
256001 
256002 
259300 
261000 
262000 
262010 
270370 
270800 
270801 
270900 
271000 
271010 
271040 
271810 
272000 
276000 
279000 
279010 
279020 
289000 
289001 
289002 
289003 
291000 
291001 
297000 
297001 
300640 
309000 
310329 
310400 
310620 
310660 
311000 
311010 
311020 
311030 
311040 
311050 
311060 
311070 
319004 
319010 
319020 
320370 
320470 
320476 
320480 
321000 
321010 
321020 
321030 
321040 
321041 
321060 
322000 
322010 
322011 
327000 
327001 
327002 
327003 
327004 
327005 
327006 
327007 
329000 
329001 
329002 
329003 
329010 
329020 
329021 
329030 
329031 
329300 
329400 
330906 
331050 
331051 
331060 
331063 
331065 
331066 
331067 
331070 
331800 
331810 
331900 
331930 
331950 
332000 
339100 
339101 
339402 
340900 
340902 
340909 
341000 
341010 
341800 
341810 
349000 
349001 
349002 
349003 
349004 
349010 
349011 
349012 
350350 
350400 
350410 
350480 
350640 
350641 
350700 
350701 
350702 
350710 
350720 
350730 
350740 
350900 
350901 
350904 
350906 
350909 
350913 
351000 
351020 
351021 
351022 
351023 
351024 
351025 
351026 
351027 
351028 
351050 
351060 
351070 
351071 
351080 
351081 
351090 
351100 
351101 
351102 
351103 
351104 
351105 
351106 
351107 
351108 
351109 
351110 
351111 
351112 
351113 
351114 
351115 
351120 
351130 
351200 
351201 
351202 
351203 
351204 
351800 
351900 
351901 
352010 
352011 
352012 
352015 
352016 
352020 
352021 
352050 
352051 
352100 
352530 
353005 
353006 
354000 
354001 
354002 
354003 
356040 
358000 
359000 
359001 
359002 
359003 
359010 
359020 
359030 
359040 
359041 
359050 
359051 
359052 
359053 
359055 
359058 
359060 
359070 
359071 
359200 
359300 
359310 
360329 
360371 
360372 
360470 
360471 
360472 
360480 
360600 
360610 
360620 
360630 
360640 
360900 
360901 
360902 
360903 
360904 
360905 
360906 
360907 
360908 
360909 
360910 
360911 
360912 
361000 
361020 
361025 
361060 
361070 
361100 
361110 
361150 
361160 
361200 
361201 
361202 
361203 
361204 
361205 
361206 
361250 
361251 
361252 
361253 
361260 
361300 
361500 
361900 
362000 
362001 
362002 
362100 
362244 
362350 
362400 
362401 
362402 
362530 
362600 
369000 
369001 
369002 
369003 
369004 
369005 
369006 
369007 
369008 
369009 
369010 
369011 
369012 
369013 
369014 
369015 
369016 
369017 
369018 
369019 
369020 
369021 
369022 
369023 
369024 
369025 
369026 
369027 
369028 
369030 
369031 
369032 
369033 
369034 
369035 
369036 
369037 
369038 
369039 
369040 
369041 
369045 
369046 
369047 
369048 
369049 
369057 
369058 
369060 
369065 
369066 
369067 
369068 
369070 
369080 
369081 
369090 
369100 
369110 
369120 
369200 
369201 
369300 
369350 
369500 
370210 
370300 
370301 
370371 
370470 
370471 
370472 
370480 
370600 
370640 
370660 
370900 
370901 
370902 
370903 
370904 
370905 
370910 
371000 
371005 
371010 
371020 
371030 
371040 
371041 
371042 
371043 
371044 
371045 
371046 
371047 
371048 
371050 
371051 
371060 
371070 
371080 
371090 
371091 
371092 
371093 
371100 
371101 
371110 
371111 
371120 
371130 
371140 
371150 
371151 
371160 
371170 
371171 
371180 
371301 
371800 
371900 
372000 
372010 
372020 
372050 
372051 
372530 
377000 
378000 
378001 
378002 
378003 
378004 
378005 
378006 
379000 
379001 
379002 
379004 
379005 
379006 
379007 
379008 
379009 
379010 
379020 
379030 
379040 
379050 
379060 
379061 
379062 
379063 
379200 
379240 
379241 
381060 
382000 
382001 
811200 
850100 
850120 
850200 
850204 
850210 
850300 
850400 
850500 
850510 
850520 
850600 
850620 
850640 
850660 
850680 
850700 
850720 
850800 
850900 
850910 
850920 
851000 
851010 
851100 
851800 
851810 
851900 
859000 
871000 
