10250400 
10250405 
10250500 
10250501 
10250502 
10250503 
10250510 
10250511 
10250512 
10250513 
10250514 
10250515 
10250516 
10250517 
10250518 
10250519 
10250520 
10250521 
10250522 
10250523 
10250524 
10250525 
10250526 
10250527 
10250528 
10250529 
10250550 
10250600 
10250601 
10250602 
10250606 
10250607 
10250650 
10250651 
10250652 
10250653 
10250700 
10250701 
10250703 
10250704 
10250705 
10250706 
10250707 
10250709 
10250711 
10250712 
10250713 
10250714 
10250715 
10250717 
10250718 
10250721 
10250722 
10250725 
10250728 
10250729 
10250730 
10250731 
10250734 
10250736 
10250737 
10250740 
10250741 
10250742 
10250743 
10250745 
10250746 
10250748 
10250749 
10250751 
10250752 
10250753 
10250754 
10250755 
10250756 
10250757 
10250758 
10250759 
10250760 
10250761 
10250762 
10250763 
10250764 
10250765 
10250766 
10250767 
10251000 
10251001 
10251002 
10251003 
10251004 
10251005 
10251006 
10251007 
10251020 
10251030 
10251031 
10251050 
10251055 
10251100 
10251101 
10251102 
10251103 
10251104 
10251105 
10251106 
10251107 
10251108 
10251109 
10251110 
10251113 
10251116 
10251118 
10251119 
10251120 
10251121 
10251122 
10251123 
10251124 
10251125 
10251126 
10251200 
10251201 
10251202 
10251203 
10251204 
10251205 
10251250 
10251251 
10251252 
10251253 
10251254 
10251255 
10251256 
10251257 
10251258 
10251259 
10251260 
10251261 
10251262 
10251263 
10251264 
10251265 
10251266 
10251267 
10251268 
10251269 
10251300 
10251310 
10251400 
10251401 
10251402 
10251403 
10251404 
10251405 
10251406 
10251407 
10251408 
10251409 
10251410 
10251411 
10251412 
10251413 
10251414 
10251415 
10251416 
10251417 
10251418 
10251419 
10251420 
10251421 
10251422 
10251423 
10251600 
10251601 
10251602 
10251603 
10251604 
10253000 
10253010 
10253011 
10253012 
10253013 
10253014 
10253015 
10253100 
10253101 
10253200 
10253201 
10253800 
10253850 
10253851 
10253852 
10253853 
10253900 
10253901 
10253902 
10253903 
10253904 
10253905 
10253910 
10253911 
10253912 
10253913 
10253914 
10253915 
10253920 
10253921 
10253922 
10253923 
10253924 
10253925 
10253930 
10253931 
10253932 
10253933 
10253934 
10253935 
10253940 
10253941 
10253942 
10253943 
10253944 
10253945 
10254000 
10254100 
10255010 
10255030 
10255040 
10255050 
10255090 
10255100 
10255110 
10255120 
10255130 
10256000 
10256010 
10256020 
10256030 
10256040 
10256050 
10256060 
10256070 
10256080 
10256090 
10256100 
10256110 
10256120 
10256130 
10256140 
10256150 
10256160 
10256170 
10256180 
10256200 
10256210 
10256220 
10256230 
10256240 
10256250 
10256260 
10256270 
10256280 
10256290 
10256300 
10256310 
10256320 
10256330 
10256340 
10256350 
10256360 
10256370 
10256380 
10256390 
10256400 
10256410 
10256420 
10256430 
10256440 
10256450 
10256500 
10256700 
10256710 
10256720 
10256730 
