10230400 
10230410 
10230600 
10230605 
10230610 
10230620 
10230625 
10230650 
10230655 
10230660 
10230665 
10230700 
10230701 
10230702 
10230703 
10230704 
10230705 
10231200 
10231300 
10231310 
10231400 
10231410 
10231450 
10231460 
10231500 
10231510 
10231600 
10231610 
10231700 
10231701 
10231750 
10231751 
10231752 
10231760 
10231761 
10231762 
10231770 
10231800 
10231801 
10231802 
10231803 
10231804 
10231805 
10233800 
10233801 
10233802 
10233803 
10233804 
10233805 
10233806 
10233807 
10233808 
10233809 
10233810 
10233811 
10233812 
10233813 
10233814 
10233815 
10233816 
10233817 
10233818 
10233819 
10233820 
10233900 
10233901 
10233902 
10233903 
10233904 
10233905 
10233910 
10233911 
10233912 
10233913 
10233914 
10233915 
10233920 
10233921 
10233922 
10233923 
10233924 
10233925 
10233930 
10233931 
10233932 
10233933 
10233934 
10233935 
10233940 
10233941 
10233942 
10233943 
10233944 
10233945 
10234000 
10234100 
10234200 
10234900 
10234910 
10234920 
10234930 
10235010 
10235020 
10236000 
10236010 
10236020 
10236030 
10236040 
10236050 
10236060 
10236070 
10236080 
10236090 
10236100 
10236110 
10236120 
10236130 
10236140 
10236150 
10236160 
10236170 
10236180 
10236190 
10236200 
10236210 
10236220 
10236230 
10236240 
10236250 
10236260 
10236270 
10236280 
10236290 
