50360400 
50360401 
50360402 
50360410 
50360411 
50360412 
50360415 
50360416 
50360417 
50360418 
50360419 
50360420 
50360421 
50360423 
50360424 
50360425 
50360428 
50360429 
50360430 
50360431 
50360432 
50360433 
50360440 
50360441 
50360442 
50360500 
50360501 
50360502 
50360503 
50360505 
50360506 
50360507 
50360508 
50360509 
50360511 
50360512 
50360513 
50360514 
50360600 
50360601 
50360602 
50360603 
50360604 
50360605 
50360610 
50360611 
50360612 
50360613 
50360640 
50360641 
50360650 
50360651 
50360652 
50360653 
50360655 
50360660 
50361000 
50361006 
50361012 
50361013 
50361014 
50361015 
50361017 
50361018 
50361019 
50361021 
50361022 
50361023 
50361024 
50361025 
50361026 
50361027 
50361028 
50361040 
50361041 
50361050 
50361051 
50361060 
50361061 
50361075 
50361076 
50361080 
50361081 
50361100 
50361101 
50361102 
50361103 
50361104 
50361106 
50361107 
50361108 
50361109 
50361110 
50361111 
50361130 
50361150 
50361151 
50361152 
50361153 
50361154 
50361156 
50361157 
50361158 
50361159 
50361160 
50361200 
50361210 
50361211 
50361220 
50361221 
50361222 
50361230 
50361231 
50361232 
50361240 
50361250 
50361260 
50361270 
50361280 
50361281 
50361300 
50361320 
50361330 
50361400 
50361401 
50361404 
50361451 
50361452 
50361453 
50361454 
50361455 
50361456 
50361500 
50361510 
50361530 
50361600 
50361606 
50361611 
50362000 
50362010 
50362020 
50362030 
50362040 
50362050 
50362051 
50362052 
50362053 
50362054 
50362055 
50362056 
50362057 
50362058 
50362060 
50362061 
50362062 
50362063 
50362064 
50362065 
50362066 
50362067 
50362068 
50362069 
50362070 
50362102 
50362104 
50362108 
50362110 
50362125 
50362126 
50362127 
50362175 
50362176 
50362177 
50362178 
50362179 
50362180 
50362181 
50362182 
50362183 
50362184 
50362200 
50362201 
50362210 
50362211 
50362250 
50362251 
50362401 
50362402 
50362403 
50362404 
50362405 
50362406 
50362800 
50362801 
50362802 
50362803 
50362804 
50362805 
50362806 
50362807 
50362808 
50363000 
50363010 
50363030 
50363040 
50363060 
50363080 
50363090 
50363100 
50363900 
50363901 
50363902 
50363903 
50363904 
50363905 
50363910 
50363911 
50363912 
50363913 
50363914 
50363915 
50363920 
50363921 
50363922 
50363923 
50363924 
50363925 
50363930 
50363931 
50363932 
50363933 
50363934 
50363935 
50363940 
50363941 
50363942 
50363943 
50363944 
50363945 
50365000 
50365010 
50365020 
50365030 
50365080 
50365090 
50365500 
50365510 
50365540 
50365550 
50365560 
50365570 
50365580 
50365590 
50365650 
50365680 
50365690 
50365700 
50365710 
50366000 
50366020 
50366030 
50366070 
50366170 
50366210 
50366240 
50366250 
50366260 
50366280 
50366300 
50366310 
50366320 
50366340 
50366350 
50366360 
50366370 
50366380 
50366390 
50366440 
50366480 
50366510 
50366520 
50366530 
50366570 
50366580 
50366680 
50366700 
50366710 
50366720 
50366740 
50366760 
50366810 
50366820 
50366830 
50366850 
50366860 
50366870 
50366880 
50366890 
50366900 
50366910 
50366920 
50366930 
50366940 
50366950 
50366960 
50366970 
50366980 
50366990 
50367000 
50367010 
50367020 
50367030 
50367040 
50367050 
50367060 
50367090 
50367100 
50367110 
50367120 
50367130 
50367140 
50367150 
50367160 
50367170 
50367900 
50368000 
50368010 
50368020 
50368030 
50368040 
50368050 
50368060 
50368070 
50368080 
50368500 
50368510 
50368520 
50368530 
50368540 
50368560 
50368570 
50368580 
50368590 
50368600 
50368610 
50368800 
