10170410 
10170500 
10170501 
10170502 
10170503 
10170504 
10170505 
10170506 
10170507 
10170508 
10170509 
10170510 
10170600 
10170601 
10170602 
10170603 
10170604 
10170605 
10170650 
10170655 
10170665 
10170670 
10170675 
10171011 
10171012 
10171130 
10171131 
10171200 
10171205 
10171300 
10171310 
10171315 
10171350 
10171355 
10171360 
10171400 
10171401 
10171402 
10171403 
10171404 
10171405 
10171406 
10171407 
10171500 
10171501 
10171502 
10171503 
10171504 
10171505 
10171510 
10171530 
10171540 
10172013 
10172020 
10172030 
10172100 
10172110 
10172120 
10172130 
10172900 
10173000 
10173001 
10173002 
10173003 
10173004 
10173100 
10173200 
10173250 
10173300 
10173301 
10173302 
10173303 
10173310 
10173311 
10173312 
10173313 
10173371 
10173500 
10173510 
10173550 
10173560 
10173600 
10173605 
10173700 
10173701 
10173702 
10173703 
10173704 
10173705 
10173706 
10173707 
10173708 
10173709 
10173710 
10173711 
10173712 
10173713 
10173714 
10173715 
10173716 
10173717 
10173718 
10173800 
10173870 
10173900 
10173950 
10174000 
10174001 
10174002 
10174003 
10174004 
10174900 
10174901 
10174902 
10174903 
10174904 
10174905 
10174910 
10174911 
10174912 
10174913 
10174914 
10174915 
10174920 
10174921 
10174922 
10174923 
10174924 
10174925 
10174930 
10174931 
10174932 
10174933 
10174934 
10174935 
10174940 
10174941 
10174942 
10174943 
10174944 
10174945 
10175020 
10175030 
10175040 
10175050 
10175060 
10175070 
10175090 
10175110 
10175120 
10175130 
10175140 
10175150 
10175160 
10176000 
10176010 
10176020 
10176030 
10176040 
10176050 
10176060 
10176070 
10176080 
10176090 
10176100 
10176110 
10176120 
10176130 
10176140 
10176150 
10176160 
10176170 
10176180 
10176190 
10176200 
10176210 
10176220 
10176230 
10176240 
10176250 
10176260 
10176270 
10176280 
10176290 
10176300 
10176310 
10176320 
10176330 
10176340 
10176350 
10176360 
10176370 
10176380 
10176390 
10176400 
10176410 
10176420 
10176430 
10176440 
10176450 
10176460 
10176470 
10176480 
10176490 
10176500 
10176510 
10176520 
10176530 
10176540 
10176550 
10176560 
10176570 
10176580 
10176590 
10176600 
10176610 
10176620 
10176630 
