10180400 
10180401 
10180402 
10180403 
10180404 
10180500 
10180600 
10180601 
10180602 
10180650 
10180700 
10180705 
10180710 
10180715 
10180720 
10180725 
10180730 
10180735 
10180740 
10180745 
10180750 
10180755 
10180760 
10180765 
10180770 
10180775 
10180780 
10181002 
10181014 
10181020 
10181021 
10181022 
10181040 
10181050 
10181080 
10181090 
10181200 
10181201 
10181202 
10181230 
10181300 
10181301 
10181400 
10181405 
10181410 
10181415 
10181420 
10181450 
10181455 
10181460 
10181465 
10181470 
10182000 
10182001 
10182002 
10182100 
10182200 
10182201 
10182202 
10182203 
10182204 
10182205 
10182206 
10182207 
10182208 
10182300 
10182500 
10182600 
10182601 
10182602 
10182610 
10182611 
10182620 
10182621 
10183800 
10183801 
10183802 
10183803 
10183804 
10183805 
10183806 
10183807 
10183808 
10183809 
10183810 
10183811 
10183812 
10183813 
10183814 
10183815 
10183816 
10183817 
10183818 
10183819 
10183821 
10183822 
10183823 
10183824 
10183825 
10183826 
10183827 
10183828 
10183829 
10183830 
10183900 
10183901 
10183902 
10183903 
10183904 
10183905 
10183910 
10183911 
10183912 
10183913 
10183914 
10183915 
10183920 
10183921 
10183922 
10183923 
10183924 
10183925 
10183930 
10183931 
10183932 
10183933 
10183934 
10183935 
10183940 
10183941 
10183942 
10183943 
10183944 
10183945 
10184000 
10184100 
10184200 
10184900 
10185000 
10185030 
10185040 
10185050 
10185060 
10185070 
10185080 
10185100 
10185110 
10185120 
10186000 
10186010 
10186020 
10186030 
10186040 
10186050 
10186070 
10186080 
10186100 
10186110 
10186120 
10186130 
10186140 
10186150 
10186160 
10186170 
