50350400 
50350500 
50350501 
50350502 
50350503 
50350504 
50350505 
50350600 
50350603 
50350604 
50350606 
50350607 
50350608 
50350609 
50350610 
50350640 
50350641 
50350650 
50350655 
50350665 
50350670 
50350675 
50350680 
50350685 
50350700 
50350701 
50350702 
50350703 
50350704 
50350705 
50350706 
50350707 
50350708 
50351008 
50351202 
50351204 
50351206 
50351210 
50351211 
50351213 
50351215 
50351220 
50351221 
50351222 
50351223 
50351224 
50351225 
50351226 
50351350 
50351351 
50351352 
50351353 
50351354 
50351390 
50351391 
50351392 
50351393 
50351394 
50351395 
50351396 
50351397 
50351450 
50351500 
50351600 
50351601 
50351610 
50351611 
50351612 
50351613 
50351614 
50351615 
50351616 
50351750 
50351760 
50351800 
50351812 
50352000 
50352050 
50352051 
50352052 
50352053 
50352054 
50352100 
50352101 
50352200 
50352201 
50352202 
50352250 
50352251 
50352252 
50352500 
50352970 
50353100 
50353115 
50353200 
50353203 
50353209 
50353211 
50353212 
50353213 
50353308 
50353310 
50353400 
50353401 
50353402 
50353404 
50353405 
50353406 
50353407 
50353408 
50353409 
50353410 
50353411 
50353412 
50353575 
50353603 
50353604 
50353606 
50353608 
50353609 
50353650 
50353700 
50353701 
50353740 
50353750 
50353751 
50353825 
50353850 
50353875 
50353890 
50353900 
50353901 
50353902 
50353903 
50353904 
50353905 
50353906 
50353907 
50353908 
50353909 
50353910 
50353911 
50353912 
50353913 
50353914 
50354500 
50354501 
50354502 
50354503 
50354504 
50354505 
50354510 
50354511 
50354512 
50354513 
50354514 
50354515 
50354520 
50354521 
50354522 
50354523 
50354524 
50354525 
50354530 
50354531 
50354532 
50354533 
50354534 
50354535 
50354540 
50354541 
50354542 
50354543 
50354544 
50354545 
50354600 
50354601 
50354602 
50355010 
50355020 
50355030 
50355050 
50355060 
50355070 
50355090 
50355110 
50355120 
50355130 
50355140 
50355150 
50355180 
50355190 
50355200 
50355210 
50355220 
50355230 
50355240 
50355250 
50355260 
50355270 
50355280 
50355350 
50356000 
50356010 
50356020 
50356030 
50356040 
50356050 
50356060 
50356090 
50356100 
50356110 
50356130 
50356140 
50356150 
50356160 
50356170 
50356190 
50356200 
50356210 
50356220 
50356240 
50356250 
50356260 
50356270 
50356280 
50356290 
50356300 
50356310 
50356320 
50356330 
50356340 
50356350 
50356360 
50356370 
50356380 
50356390 
50356400 
50356410 
50356420 
50356430 
50356440 
50356450 
50356460 
50356470 
50356480 
50356490 
50356500 
50356510 
50356520 
50356530 
50356540 
50356560 
50356570 
50356580 
50356590 
50356600 
50356610 
50356620 
50356630 
50356640 
50356650 
50356660 
50356670 
