10190400 
10190401 
10190402 
10190403 
10190410 
10190500 
10190501 
10190502 
10190503 
10190504 
10190505 
10190506 
10190507 
10190508 
10190509 
10190510 
10190511 
10190600 
10190602 
10190604 
10190610 
10190612 
10190630 
10190640 
10190641 
10190642 
10190643 
10190644 
10190650 
10190655 
10190660 
10190665 
10190700 
10191000 
10191002 
10191010 
10191011 
10191020 
10191021 
10191050 
10191051 
10191052 
10191053 
10191054 
10191055 
10191056 
10191100 
10191110 
10191200 
10191210 
10191220 
10191230 
10191290 
10191300 
10191350 
10191400 
10191404 
10191406 
10191410 
10191500 
10191501 
10191502 
10191521 
10191522 
10191550 
10191600 
10191605 
10191610 
10191615 
10191620 
10191650 
10191651 
10191660 
10191662 
10191664 
10191666 
10191668 
10191670 
10191671 
10191672 
10191680 
10191681 
10191682 
10191683 
10191684 
10191685 
10191700 
10191701 
10191702 
10191710 
10191711 
10191712 
10191750 
10191751 
10191752 
10191753 
10191800 
10191805 
10191810 
10191815 
10191820 
10191825 
10191900 
10191910 
10191911 
10192000 
10192005 
10192050 
10192055 
10192105 
10192115 
10192120 
10192125 
10192130 
10192135 
10192140 
10192145 
10192150 
10192155 
10192160 
10192165 
10192170 
10192175 
10192180 
10192185 
10192190 
10192195 
10192200 
10192201 
10192300 
10192301 
10192302 
10192303 
10192304 
10192305 
10192306 
10192307 
10192400 
10192401 
10192500 
10192501 
10192502 
10192503 
10192600 
10193700 
10193800 
10193900 
10193901 
10193902 
10193903 
10193904 
10193905 
10193910 
10193911 
10193912 
10193913 
10193914 
10193915 
10193920 
10193921 
10193922 
10193923 
10193924 
10193925 
10193940 
10193941 
10193942 
10193943 
10193944 
10193945 
10194000 
10194100 
10194900 
10194999 
10195000 
10195030 
10195040 
10195050 
10195060 
10195090 
10195100 
10195110 
10195120 
10195130 
10195140 
10195150 
10196000 
10196010 
10196020 
10196030 
10196040 
10196050 
10196060 
10196070 
10196080 
10196090 
10196100 
10196110 
10196120 
10196130 
10196140 
10196150 
10196160 
10196170 
10196180 
10196190 
10196200 
10196210 
10196220 
