10160400 
10160401 
10160402 
10160403 
10160404 
10160405 
10160406 
10160408 
10160409 
10160410 
10160420 
10160431 
10160432 
10160440 
10160443 
10160444 
10160451 
10160452 
10160453 
10160490 
10160491 
10160500 
10160501 
10160502 
10160503 
10160504 
10160505 
10160506 
10160507 
10160508 
10160509 
10160510 
10160511 
10160512 
10160513 
10160514 
10160515 
10160516 
10160600 
10160601 
10160602 
10160603 
10160605 
10160607 
10160608 
10160609 
10160610 
10160620 
10160621 
10160622 
10160623 
10160624 
10160651 
10160652 
10160653 
10160654 
10160655 
10160656 
10160658 
10160700 
10160701 
10160702 
10160703 
10160704 
10160705 
10160706 
10160707 
10160708 
10160750 
10160751 
10160752 
10160753 
10161000 
10161001 
10161002 
10161003 
10161020 
10161021 
10161022 
10161023 
10161025 
10161026 
10161027 
10161028 
10161029 
10161030 
10161031 
10161040 
10161045 
10161050 
10161051 
10161060 
10161062 
10161070 
10161071 
10161072 
10161073 
10161100 
10161105 
10161110 
10161150 
10161155 
10161160 
10161165 
10161170 
10161175 
10161180 
10161185 
10161190 
10161300 
10161320 
10161325 
10161400 
10161401 
10161550 
10161551 
10161552 
10161553 
10161554 
10161600 
10161601 
10161610 
10161700 
10161701 
10162000 
10162010 
10162020 
10162021 
10162100 
10162200 
10162210 
10162300 
10162301 
10162305 
10162308 
10162310 
10162311 
10162313 
10162317 
10162320 
10162323 
10163800 
10163801 
10163802 
10163803 
10163804 
10163900 
10163901 
10163902 
10163903 
10163904 
10163905 
10163910 
10163911 
10163912 
10163913 
10163914 
10163915 
10163920 
10163921 
10163922 
10163923 
10163924 
10163925 
10163930 
10163931 
10163932 
10163933 
10163934 
10163935 
10164000 
10164100 
10164200 
10164300 
10164900 
10165000 
10165010 
10165020 
10165040 
10165050 
10165070 
10165080 
10165110 
10165120 
10165130 
10165140 
10165150 
10165160 
10165170 
10165180 
10165190 
10165200 
10165210 
10165220 
10165230 
10165240 
10165250 
10165260 
10166000 
10166010 
10166020 
10166030 
10166040 
10166050 
10166060 
10166070 
10166080 
10166090 
10166100 
10166110 
10166120 
10166130 
10166140 
10166150 
10166160 
10166170 
10166180 
10166190 
10166200 
10166210 
10166220 
10166230 
10166240 
10166250 
10166260 
10166270 
10166280 
10166290 
10166300 
10166310 
10166320 
10166330 
10166340 
10166350 
10166360 
10166370 
10166380 
10166390 
10166400 
10166410 
10166420 
10166430 
10166440 
10166450 
10166460 
10166470 
10166480 
10166490 
