30700000 
30700001 
50200000 
50200001 
50600000 
50600001 
70000000 
70400000 
70400001 
70401000 
70401001 
70401002 
70401003 
70500000 
72110000 
72110001 
72400000 
72400001 
72500000 
72500001 
72600000 
73000000 
73100000 
74100000 
74100001 
74200000 
74200001 
74300000 
74300001 
75400000 
75600000 
75700000 
75800000 
75900000 
76100000 
76100001 
76100002 
76200000 
76300000 
76300001 
76400000 
76430000 
76600000 
76800000 
76800001 
76900000 
76900001 
77000000 
77100000 
77101000 
77200000 
77200001 
77600000 
77600001 
77700000 
78300000 
78400000 
78500000 
78500001 
78600000 
78601000 
78602000 
78602001 
81000000 
81100000 
81200000 
81300000 
81400000 
82000000 
82100000 
82200000 
82300000 
99999999 
