7010 
7020 
7030 
7110 
7120 
7130 
7140 
7150 
7160 
7170 
7210 
7220 
7230 
7240 
7250 
7260 
7270 
7280 
9150 
9500 
9700 
9701 
9702 
9703 
9704 
9705 
9706 
9707 
732000 
733000 
741000 
761000 
761010 
763000 
763010 
765000 
766000 
766010 
772000 
784000 
810000 
811000 
812000 
813000 
814000 
814009 
820000 
821000 
822000 
823000 
831000 
831100 
832000 
832100 
832200 
832300 
832400 
832500 
832600 
832700 
833000 
834000 
834100 
835000 
835100 
835200 
836000 
836100 
836200 
836300 
836400 
837000 
