10 
6940 
6950 
6960 
7320 
7330 
7410 
7610 
7630 
7660 
7720 
7840 
8100 
8110 
8120 
8130 
8140 
8200 
8210 
8220 
8230 
8240 
8310 
8311 
8320 
8321 
8322 
8323 
8324 
8325 
8326 
8327 
8330 
8350 
8351 
8352 
8353 
8354 
8360 
8361 
8362 
8363 
8364 
8370 
8371 
8372 
8374 
8382 
8383 
8420 
8430 
8440 
8450 
8460 
8470 
8471 
8480 
8481 
8490 
8491 
8492 
8500 
8510 
8520 
8530 
8531 
8532 
8533 
8534 
8535 
8540 
8600 
8610 
8620 
8630 
8640 
8650 
8660 
8670 
8671 
8680 
8681 
8690 
8700 
8710 
8711 
8720 
8730 
8740 
8750 
8760 
8770 
8780 
8790 
8800 
8810 
8820 
8830 
8831 
8832 
8840 
8850 
8851 
8860 
8870 
8880 
8900 
8910 
8915 
8920 
8925 
8930 
8960 
8965 
8970 
8975 
8980 
