74302000 
74302010 
74302020 
74302100 
74302110 
74302120 
74302130 
74302140 
74302150 
74302200 
74302210 
74302220 
74302230 
74302300 
74302310 
74306000 
74306010 
74309000 
74309100 
74309200 
74309300 
74309400 
74309410 
74309420 
74309500 
74309600 
74400000 
74400010 
74400020 
74400030 
74400040 
74400050 
74400100 
74400110 
74400120 
74400130 
74400140 
74400150 
74400200 
74400300 
74400310 
74400320 
74400330 
74400360 
74400370 
74400380 
74400500 
74400510 
74400520 
74400530 
74400540 
74400700 
74406000 
74406010 
74409000 
74409100 
74409200 
74409300 
74409400 
74409410 
74409420 
74409500 
74409600 
75100000 
75100010 
75100020 
75100100 
75100110 
75100120 
75100130 
75100140 
75100150 
75100160 
75100200 
75100210 
75100220 
75100230 
75100300 
75100310 
75100320 
75100330 
75100340 
75100350 
75100400 
75100410 
75100420 
75100430 
75100440 
75100500 
75100510 
75100520 
75100530 
75100540 
75100600 
75100610 
75106000 
75106010 
75109000 
75109100 
75109200 
75109300 
75109400 
75109410 
75109420 
75109500 
75109600 
75400000 
75400010 
75400020 
75400200 
75400300 
75400400 
75400500 
75400600 
75400700 
75400800 
75405000 
75405010 
75405020 
75405030 
75405040 
75405100 
75405110 
75405120 
75405130 
75405200 
75405210 
75405220 
75405300 
75405310 
75406000 
75406010 
75409000 
75409100 
75409200 
75409300 
75409400 
75409410 
75409420 
75409500 
75409600 
