69200010 
69200020 
69200030 
69200040 
69200100 
69200110 
69200120 
69200130 
69200140 
69200200 
69200210 
69200220 
69200230 
69200300 
69200310 
69200320 
69200400 
69200410 
69200420 
69200430 
69200440 
69200500 
69200510 
69200520 
69200530 
69200540 
69200550 
69200600 
69200610 
69200620 
69200630 
69200640 
69200650 
69200700 
69200710 
69200800 
69200810 
69200820 
69200830 
69200840 
69200900 
69200910 
69200920 
69200930 
69200940 
69201000 
69201010 
69201020 
69201030 
69201040 
72500000 
72500010 
72500020 
72500030 
72500040 
72500050 
72500100 
72500200 
72500210 
72500220 
72500300 
72500400 
72500410 
72500420 
72500430 
72500440 
72500500 
72500510 
72500520 
72500800 
72500810 
72500820 
72500900 
72500910 
72501000 
72501100 
72501200 
72501300 
72505000 
72505010 
72505020 
72505100 
72505200 
72505210 
72505300 
72505400 
72505500 
72506000 
72506010 
72506020 
72506030 
72506040 
72506050 
72506100 
72506120 
72506130 
72506200 
72506210 
72506220 
72506230 
72506300 
72509000 
72509100 
72509200 
72509300 
72509400 
72509410 
72509420 
72509500 
72509600 
72600000 
72600010 
72600020 
72600030 
72600040 
72600060 
72600100 
72600200 
72600300 
72600400 
72600500 
72600600 
72600700 
72600800 
72600900 
72605000 
72605010 
72605020 
72605030 
72606000 
72606001 
72609000 
72609100 
72609200 
72609300 
72609400 
72609410 
72609420 
72609500 
72609600 
75200000 
75200010 
75200020 
75200100 
75200110 
75200120 
75200130 
75200140 
75200150 
75200160 
75200170 
75200300 
75200310 
75200320 
75200330 
75200340 
75200500 
75200510 
75200520 
75200530 
75200600 
75200610 
75200620 
75200700 
75200710 
75200720 
75200730 
75200800 
75200810 
75200820 
75200830 
75200840 
75200900 
75200910 
75200920 
75200930 
75200940 
75200950 
75200960 
75201000 
75201010 
75201100 
75201110 
75201120 
75201200 
75201210 
75201220 
75201230 
75201240 
75201300 
75201310 
75201320 
75201330 
75201340 
75201350 
75201400 
75201410 
75201420 
75201500 
75201510 
75201600 
75201610 
75201700 
75201710 
75201720 
75201730 
75201740 
75201750 
75201800 
75201810 
75201820 
75201830 
75201840 
75201850 
75206000 
75206010 
75209000 
75209100 
75209200 
75209300 
75209400 
75209410 
75209420 
75209500 
75209600 
