70004200 
70004210 
70004220 
70004230 
70004240 
70004250 
70004260 
70004300 
70009000 
70009100 
70009200 
70009300 
70009400 
70009410 
70009420 
70009500 
70009600 
75201900 
75201910 
75202000 
75202010 
75202020 
75202100 
75202110 
75202120 
75206000 
75206010 
75209000 
75209100 
75209200 
75209300 
75209400 
75209410 
75209420 
75209500 
75209600 
77100000 
77100010 
77100100 
77100110 
77100200 
77100300 
77100310 
77100320 
77100400 
77100420 
77100430 
77100500 
77100510 
77100520 
77100530 
77100540 
77100550 
77100560 
77100800 
77100810 
77100830 
77100840 
77100850 
77100900 
77100910 
77100920 
77100930 
77101000 
77101010 
77101100 
77101110 
77101120 
77101200 
77101201 
77101202 
77101250 
77101251 
77101252 
77101300 
77101310 
77101320 
77101330 
77101400 
77101410 
77101500 
77101510 
77101600 
77101610 
77101620 
77101640 
77101700 
77101710 
77101800 
77101810 
77102000 
77102010 
77102020 
77102030 
77102050 
77102060 
77102070 
77102100 
77102110 
77102120 
77102200 
77102220 
77102300 
77102310 
77102320 
77102400 
77102410 
77102500 
77102510 
77102600 
77102700 
77102800 
77102900 
77102910 
77102920 
77102930 
77103000 
77103010 
77103100 
77103110 
77106000 
77106010 
77109000 
77109100 
77109200 
77109300 
77109400 
77109410 
77109420 
77109450 
77109460 
77109470 
77109500 
77109600 
