76000000 
76000010 
76000100 
76000110 
76000200 
76000210 
76000220 
76000300 
76000310 
76000320 
76000330 
76000400 
76000410 
76000420 
76000500 
76000510 
76000520 
76000600 
76000610 
76000620 
76006000 
76006010 
76009000 
76009100 
76009200 
76009300 
76009400 
76009410 
76009420 
76009500 
76009600 
76010000 
76010010 
76010100 
76010110 
76010120 
76010130 
76010200 
76010210 
76010220 
76010300 
76010310 
76010320 
76010330 
76010400 
76010410 
76010420 
76010430 
76010500 
76010510 
76010520 
76016000 
76016010 
76019000 
76019100 
76019200 
76019300 
76019400 
76019410 
76019420 
76019500 
76019600 
