69200010 
69200020 
69200030 
69200040 
69200100 
69200110 
69200120 
69200130 
69200140 
69200200 
69200210 
69200220 
69200230 
69200300 
69200310 
69200320 
69200400 
69200410 
69200420 
69200430 
69200440 
69200500 
69200510 
69200520 
69200530 
69200540 
69200550 
69200600 
69200610 
69200620 
69200630 
69200640 
69200650 
69200700 
69200710 
69200800 
69200810 
69200820 
69200830 
69200840 
69200900 
69200910 
69200920 
69200930 
69200940 
69201000 
69201010 
69201020 
69201030 
69201040 
75200000 
75200010 
75200020 
75200100 
75200110 
75200120 
75200130 
75200140 
75200150 
75200160 
75200170 
75200300 
75200310 
75200320 
75200330 
75200340 
75200500 
75200510 
75200520 
75200530 
75200600 
75200610 
75200620 
75200700 
75200710 
75200720 
75200730 
75200800 
75200810 
75200820 
75200830 
75200840 
75200900 
75200910 
75200920 
75200930 
75200940 
75200950 
75200960 
75201000 
75201010 
75201100 
75201110 
75201120 
75201200 
75201210 
75201220 
75201230 
75201240 
75201300 
75201310 
75201320 
75201330 
75201340 
75201350 
75201400 
75201410 
75201420 
75201500 
75201510 
75201600 
75201610 
75201700 
75201710 
75201720 
75201730 
75201740 
75201750 
75201800 
75201810 
75201820 
75201830 
75201840 
75201850 
75206000 
75206010 
75209000 
75209100 
75209200 
75209300 
75209400 
75209410 
75209420 
75209500 
75209600 
75300000 
75300010 
75300020 
75300030 
75300040 
75300100 
75300110 
75300120 
75300130 
75300140 
75300200 
75300210 
75300220 
75300300 
75300310 
75300320 
75300330 
75300340 
75300350 
75300360 
75300400 
75300410 
75300420 
75300500 
75300510 
75300600 
75300610 
75300620 
75300630 
75300700 
75300710 
75300720 
75300800 
75300810 
75300820 
75300900 
75300910 
75300920 
75306000 
75306010 
75306020 
75309000 
75309100 
75309200 
75309300 
75309400 
75309410 
75309420 
75309500 
75309600 
76430000 
76430010 
76430100 
76430110 
76430200 
76430210 
76430300 
76430310 
76430400 
76430410 
76430420 
76430430 
76430500 
76430510 
76430520 
76430600 
76430610 
76430700 
76430800 
76435000 
76435010 
76435020 
76435100 
76435110 
76435120 
76435130 
76435200 
76435210 
76435220 
76436000 
76436010 
76439000 
76439100 
76439200 
76439300 
76439400 
76439410 
76439420 
76439500 
76439600 
76800000 
76800010 
76800020 
76800030 
76800100 
76800110 
76800120 
76800200 
76800210 
76800220 
76800300 
76800310 
76800320 
76800400 
76800410 
76800420 
76800500 
76800510 
76800520 
76800600 
76800610 
76800700 
76800710 
76800800 
76800810 
76800820 
76800900 
76800910 
76800920 
76801000 
76801010 
76801020 
76802000 
76805000 
76805010 
76805030 
76805100 
76805110 
76805120 
76805200 
76805210 
76805220 
76805230 
76805240 
76805250 
76805300 
76805310 
76805320 
76805330 
76805400 
76805410 
76805420 
76805430 
76805440 
76805500 
76805510 
76805520 
76805530 
76805540 
76806000 
76806010 
76809000 
76809100 
76809200 
76809300 
76809400 
76809410 
76809420 
76809500 
76809600 
