75810010 
75810011 
75810012 
75810013 
75810014 
75810015 
75810020 
75810021 
75810022 
75810023 
75810030 
75810031 
75810032 
75810040 
75810041 
75810042 
75810050 
75810051 
75810052 
75810100 
75810101 
75810110 
75810111 
75810120 
75810121 
75810122 
75810130 
75810131 
75810132 
75810133 
75810140 
75810141 
75810142 
75810143 
75810150 
75810151 
75810152 
75810153 
75810154 
75810160 
75810161 
75810162 
75810163 
75810170 
75810171 
75810172 
75810180 
75810181 
75810190 
75810191 
75810200 
75810201 
75810202 
75810203 
75810204 
75810205 
75810210 
75810211 
75810212 
75810213 
75810214 
75810215 
75810216 
75810300 
75810301 
75810302 
75810303 
75810304 
75810305 
75810306 
75810307 
75810308 
75810309 
75810310 
75810311 
75810312 
75810313 
75810314 
75810320 
75810321 
75810322 
75810330 
75810331 
75810340 
75810341 
75810342 
75810350 
75810351 
75810360 
75810361 
75810362 
75810363 
75810365 
75810370 
75810371 
75810380 
75810381 
75810382 
75810383 
75810390 
75810391 
75810392 
75810393 
75810394 
75810395 
75810396 
75810397 
75810500 
75810501 
75815000 
75815010 
75815020 
75816000 
75816001 
