72400000 
72400010 
72400020 
72400030 
72400100 
72400110 
72400120 
72400130 
72400200 
72400210 
72400220 
72400230 
72400300 
72400310 
72400320 
72400330 
72400340 
72400350 
72400400 
72400410 
72400420 
72400430 
72400440 
72400500 
72400510 
72406000 
72406010 
72409000 
72409100 
72409200 
72409300 
72409400 
72409410 
72409420 
72409500 
72409600 
74303000 
74303010 
74303020 
74303100 
74303110 
74303120 
74306000 
74306010 
74309000 
74309100 
74309200 
74309300 
74309400 
74309410 
74309420 
74309500 
74309600 
