72600000 
72600010 
72600020 
72600030 
72600040 
72600060 
72600100 
72600200 
72600300 
72600400 
72600500 
72600600 
72600700 
72600800 
72600900 
72605000 
72605010 
72605020 
72605030 
72606000 
72606001 
72609000 
72609100 
72609200 
72609300 
72609400 
72609410 
72609420 
72609500 
72609600 
75200000 
75200010 
75200020 
75200100 
75200110 
75200120 
75200130 
75200140 
75200150 
75200160 
75200170 
75200300 
75200310 
75200320 
75200330 
75200340 
75200500 
75200510 
75200520 
75200530 
75200600 
75200610 
75200620 
75200700 
75200710 
75200720 
75200730 
75200800 
75200810 
75200820 
75200830 
75200840 
75200900 
75200910 
75200920 
75200930 
75200940 
75200950 
75200960 
75201000 
75201010 
75201100 
75201110 
75201120 
75201200 
75201210 
75201220 
75201230 
75201240 
75201300 
75201310 
75201320 
75201330 
75201340 
75201350 
75201400 
75201410 
75201420 
75201500 
75201510 
75201600 
75201610 
75201700 
75201710 
75201720 
75201730 
75201740 
75201750 
75201800 
75201810 
75201820 
75201830 
75201840 
75201850 
75206000 
75206010 
75209000 
75209100 
75209200 
75209300 
75209400 
75209410 
75209420 
75209500 
75209600 
76600000 
76600010 
76600020 
76600030 
76600100 
76600110 
76600120 
76601000 
76601100 
76601200 
76601300 
76601400 
76601500 
76601600 
76601700 
76602000 
76602010 
76602020 
76602030 
76602100 
76602110 
76602120 
76602130 
76606000 
76606010 
76609000 
76609100 
76609200 
76609300 
76609400 
76609410 
76609500 
76609600 
