30700000 
30700010 
30700100 
30700110 
30700120 
30700200 
30700210 
30700220 
30700230 
30700240 
30700250 
30700300 
30700310 
30700320 
30700330 
30700340 
30700350 
30700400 
30700410 
30700420 
30700500 
30700600 
30700700 
30700800 
30705000 
30705010 
30705020 
30705030 
30705100 
30705110 
30705120 
30705130 
30705200 
30705210 
30705220 
30705230 
30705240 
30705250 
30705300 
30705310 
30705320 
30706000 
30706010 
30706020 
30709000 
30709100 
30709200 
30709300 
30709400 
30709410 
30709420 
30709500 
30709600 
50200000 
50200010 
50200100 
50200110 
50200120 
50200130 
50200200 
50200210 
50200220 
50200230 
50200240 
50200300 
50200310 
50200320 
50200330 
50200400 
50200410 
50200420 
50200500 
50200510 
50200520 
50200530 
50200540 
50200600 
50200610 
50200620 
50200700 
50200720 
50201000 
50201010 
50201100 
50201110 
50201120 
50201130 
50201200 
50201210 
50206000 
50206010 
50206020 
50206030 
50209000 
50209100 
50209200 
50209300 
50209400 
50209410 
50209420 
50209500 
50209600 
50209998 
50209999 
72500000 
72500010 
72500020 
72500030 
72500040 
72500050 
72500100 
72500200 
72500210 
72500220 
72500300 
72500400 
72500410 
72500420 
72500430 
72500440 
72500500 
72500510 
72500520 
72500800 
72500810 
72500820 
72500900 
72500910 
72501000 
72501100 
72501200 
72501300 
72505000 
72505010 
72505020 
72505100 
72505200 
72505210 
72505300 
72505400 
72505500 
72506000 
72506010 
72506020 
72506030 
72506040 
72506050 
72506100 
72506120 
72506130 
72506200 
72506210 
72506220 
72506230 
72506300 
72509000 
72509100 
72509200 
72509300 
72509400 
72509410 
72509420 
72509500 
72509600 
74200400 
74200500 
74200510 
74200600 
74200610 
74200700 
74200710 
74209000 
74209100 
74209200 
74209300 
74209400 
74209410 
74209420 
74209500 
74209600 
77500100 
77500110 
77500120 
77500130 
77500200 
77500210 
77509000 
77509100 
77509200 
77509300 
77509400 
77509410 
77509420 
77509500 
77509600 
