50600000 
50600010 
50600020 
50600030 
50600100 
50600110 
50600200 
50600210 
50600220 
50600300 
50600310 
50600320 
50600330 
50600400 
50600410 
50600430 
50600440 
50600450 
50600500 
50600510 
50600520 
50600600 
50600610 
50600620 
50600700 
50600800 
50600810 
50600900 
50601000 
50601100 
50606000 
50606010 
50606020 
50606030 
50609000 
50609100 
50609200 
50609300 
50609400 
50609410 
50609420 
50609500 
50609600 
69200010 
69200020 
69200030 
69200040 
69200100 
69200110 
69200120 
69200130 
69200140 
69200200 
69200210 
69200220 
69200230 
69200300 
69200310 
69200320 
69200400 
69200410 
69200420 
69200430 
69200440 
69200500 
69200510 
69200520 
69200530 
69200540 
69200550 
69200600 
69200610 
69200620 
69200630 
69200640 
69200650 
69200700 
69200710 
69200800 
69200810 
69200820 
69200830 
69200840 
69200900 
69200910 
69200920 
69200930 
69200940 
69201000 
69201010 
69201020 
69201030 
69201040 
70002700 
70002710 
70002720 
70002740 
70002750 
70002760 
70002800 
70009000 
70009100 
70009200 
70009300 
70009400 
70009410 
70009420 
70009500 
70009600 
