51200020 
51200021 
51200022 
51200023 
51200024 
51200025 
51300010 
51300011 
51300030 
51300031 
51300032 
51300033 
51300034 
51300035 
51300040 
51300041 
51300042 
51300043 
51300044 
51300050 
51300051 
51300060 
51300061 
51300062 
51300063 
51300064 
51300065 
51300066 
51300070 
51300071 
51300072 
51300080 
51300081 
51300082 
51300090 
51300091 
51300092 
51300093 
51300094 
51300095 
51300096 
51300097 
51300100 
51300101 
51300110 
51300111 
51300112 
51300113 
51300114 
51300120 
51300121 
51300122 
51300123 
51300124 
51300125 
51300126 
51300127 
51300130 
