74200000 
74200010 
74200020 
74200030 
74200100 
74200110 
74200120 
74200130 
74200140 
74200150 
74200200 
74200210 
74200220 
74200230 
74200240 
74200300 
74200310 
74200320 
74205000 
74205010 
74205020 
74205030 
74205040 
74205050 
74205060 
74205070 
74206000 
74207000 
74207010 
77000000 
77000010 
77000100 
77000110 
77000200 
77000210 
77000220 
77000230 
77000400 
77000500 
77000600 
77000610 
77000700 
77000800 
77000900 
77000910 
77000920 
77000930 
77001000 
77001010 
77001020 
77001030 
77001100 
77001110 
77001120 
77001130 
77001200 
77001210 
77001220 
77001230 
77005000 
77005010 
77005020 
77005030 
77005040 
77005050 
77005060 
77005070 
77006000 
77007000 
77007010 
78300000 
78300010 
78300100 
78300110 
78300200 
78300210 
78300300 
78300310 
78300320 
78300400 
78300410 
78300420 
78300430 
78300500 
78300510 
78300520 
78300530 
78300540 
78300550 
78300600 
78300610 
78300700 
78300800 
78300810 
78300820 
78300830 
78300840 
78300850 
78300900 
78300910 
78301000 
78301010 
78301020 
78301030 
78301040 
78301100 
78301110 
78301120 
78301130 
78301140 
78301200 
78301210 
78301220 
78301300 
78301310 
78301400 
78301410 
78301500 
78301600 
78301700 
78301800 
78301810 
78301900 
78301910 
78301920 
78302000 
78302010 
78302020 
78302100 
78302110 
78302120 
78302130 
78302200 
78302210 
78309000 
78309100 
78309200 
78309300 
78309400 
78309410 
78309420 
78309500 
78309600 
