70000000 
70000010 
70000020 
70000030 
70000040 
70000050 
70000060 
70000070 
70000100 
70000110 
70000120 
70000200 
70000220 
70000230 
70000240 
70000300 
70000310 
70000320 
70000330 
70000400 
70000410 
70000500 
70000510 
70000600 
70000610 
70000620 
70000700 
70000720 
70000800 
70000810 
70000900 
70000910 
70000920 
70000930 
70005000 
70005010 
70005020 
70005100 
70005110 
70005120 
70005200 
70005210 
70005220 
70005230 
70005300 
70005310 
70005320 
70005400 
70005410 
70005420 
70005430 
70005440 
70005500 
70005510 
70005520 
70005530 
70005600 
70005610 
70005620 
70005630 
70005700 
70005710 
70005800 
70005810 
70009000 
70009100 
70009200 
70009300 
70009400 
70009410 
70009420 
70009500 
70009600 
70402000 
70402010 
70402020 
70402030 
70402100 
70402110 
70402120 
70402130 
70402200 
70402300 
70402400 
70402500 
70402600 
70402700 
70402800 
70405000 
70405010 
70405020 
70405100 
70405110 
70405120 
70405200 
70405210 
70405220 
70405230 
70405240 
70405250 
70405300 
70405310 
70405320 
70405330 
70405340 
70405400 
70405410 
70405420 
70405430 
70405500 
70405600 
70405610 
70405700 
70405710 
70406000 
70406010 
70406100 
70406110 
70406200 
70406210 
70406300 
70406400 
70406410 
70407000 
70407010 
70407020 
70409000 
70409100 
70409200 
70409300 
70409400 
70409410 
70409420 
70409500 
70409600 
74100000 
74100010 
74100020 
74100030 
74100040 
74100050 
74100060 
74100070 
74100080 
74100100 
74100110 
74100120 
74100130 
74100140 
74100150 
74100160 
74100170 
74100180 
74100200 
74100210 
74100220 
74100230 
74100300 
74100310 
74100320 
74100330 
74100340 
74100350 
74100400 
74100410 
74100420 
74100500 
74100510 
74100520 
74100600 
74100610 
74100620 
74100700 
74100800 
74100900 
74105000 
74105010 
74105020 
74105030 
74105100 
74105110 
74105120 
74105130 
74105140 
74105200 
74105210 
74105220 
74105300 
74105310 
74105320 
74105330 
74105340 
74105400 
74105410 
74105420 
74105430 
74105500 
74105510 
74105520 
74105600 
74105610 
74105620 
74105630 
74105640 
74105700 
74105710 
74105720 
74106000 
74106010 
74106020 
74108000 
74108010 
74108020 
74108100 
74108110 
74108120 
74108200 
74108210 
74108220 
74108230 
74108240 
74109000 
74109100 
74109200 
74109300 
74109400 
74109410 
74109420 
74109500 
74109600 
75100700 
75100710 
75100720 
75100800 
75100810 
75100820 
75100900 
75100910 
75100920 
75101000 
75101010 
75101020 
75101100 
75101110 
75101200 
75101210 
75101220 
75101230 
75101300 
75101310 
75101320 
75101330 
75101340 
75101350 
75101360 
75101370 
75101380 
75101390 
75106000 
75106010 
75109000 
75109100 
75109200 
75109300 
75109400 
75109410 
75109420 
75109500 
75109600 
75400100 
75400110 
75400120 
75400200 
75400300 
75400400 
75400500 
75400600 
75400700 
75400800 
75405000 
75405010 
75405020 
75405100 
75405110 
75405120 
75406000 
75406010 
75409000 
75409100 
75409200 
75409300 
75409400 
75409410 
75409420 
75409500 
75409600 
76100000 
76100010 
76100020 
76100030 
76100100 
76100200 
76100400 
76100500 
76100600 
76100900 
76100910 
76100920 
76100930 
76100940 
76100950 
76100960 
76101000 
76101010 
76101020 
76101100 
76101110 
76101500 
76101510 
76101520 
76101530 
76101600 
76101610 
76101620 
76101630 
76101700 
76101800 
76102000 
76102100 
76102200 
76102400 
76102410 
76102420 
76102430 
76102440 
76102450 
76102500 
76102510 
76102520 
76102530 
76102540 
76102600 
76102610 
76102620 
76102630 
76102700 
76102710 
76103000 
76103010 
76103020 
76103100 
76103110 
76103120 
76103200 
76103300 
76103500 
76103600 
76103700 
76103800 
76103810 
76103820 
76106000 
76106010 
76109000 
76109100 
76109200 
76109300 
76109400 
76109410 
76109500 
76109600 
76200000 
76200010 
76200200 
76200300 
76200400 
76200500 
76200600 
76200700 
76200800 
76200900 
76201100 
76201110 
76201120 
76201130 
76201300 
76201310 
76201320 
76205000 
76205010 
76205020 
76205030 
76205040 
76205050 
76205100 
76205110 
76205120 
76205130 
76205140 
76205200 
76205210 
76205220 
76205230 
76205240 
76205250 
76205260 
76206000 
76206010 
76209000 
76209100 
76209200 
76209300 
76209400 
76209410 
76209420 
76209500 
76209600 
76302000 
76302010 
76302020 
76302030 
76302200 
76302210 
76302220 
76302300 
76302700 
76302800 
76302900 
76303000 
76303100 
76303200 
76303300 
76303400 
76303410 
76303420 
76303430 
76303500 
76303510 
76303520 
76303530 
76303600 
76303610 
76303620 
76305000 
76305010 
76305020 
76305030 
76305040 
76305050 
76305060 
76305070 
76306000 
76307000 
76307010 
76400000 
76400010 
76400020 
76400030 
76400100 
76400110 
76400200 
76400210 
76400220 
76400300 
76400310 
76400320 
76400350 
76400360 
76400370 
76400380 
76400400 
76400500 
76400600 
76400700 
76400800 
76400900 
76401000 
76401100 
76401110 
76401300 
76401310 
76401320 
76401400 
76401410 
76401430 
76401440 
76401500 
76401510 
76401520 
76401530 
76401600 
76401610 
76401620 
76401700 
76401710 
76401800 
76401810 
76401820 
76401900 
76401910 
76401920 
76406000 
76406010 
76409000 
76409100 
76409200 
76409300 
76409400 
76409410 
76409420 
76409500 
76409600 
76601000 
76601100 
76601200 
76601300 
76601400 
76601500 
76601600 
76601700 
76602000 
76602010 
76602020 
76602030 
76602100 
76602110 
76602120 
76602130 
76603000 
76603010 
76603100 
76603110 
76603120 
76603130 
76603200 
76603210 
76603220 
76603230 
76603400 
76603410 
76603420 
76603430 
76603500 
76603510 
76603520 
76603530 
76603540 
76603600 
76603610 
76606000 
76606010 
76609000 
76609100 
76609200 
76609300 
76609400 
76609410 
76609500 
76609600 
76901000 
76901010 
76901020 
76901030 
76901040 
76901100 
76901110 
76901200 
76901300 
76901310 
76901400 
76901410 
76901500 
76901600 
76901610 
76901620 
76901630 
76901700 
76901710 
76901720 
76901800 
76901810 
76901820 
76901830 
76903000 
76903010 
76903020 
76903100 
76903110 
76906000 
76906010 
76909000 
76909100 
76909200 
76909300 
76909400 
76909410 
76909420 
76909500 
76909600 
77700000 
77700010 
77700020 
77700030 
77700040 
77700050 
77700060 
77700070 
77700100 
77700110 
77700200 
77700210 
77700300 
77700400 
77700410 
77700420 
77700430 
77701000 
77701010 
77701020 
77701100 
77701110 
77701120 
77701200 
77701210 
77701220 
77701230 
77701240 
77701250 
77701260 
77701300 
77701310 
77701320 
77701330 
77701340 
77701400 
77701410 
77701420 
77701430 
77701440 
77701450 
77701460 
77701470 
77701500 
77701510 
77701520 
77701530 
77701540 
77701600 
77701610 
77701620 
77701630 
77701640 
77701650 
77701660 
77701670 
77701700 
77701710 
77701720 
77701730 
77701740 
77701750 
77701760 
77701770 
77701800 
77701810 
77701820 
77701830 
77701840 
77701850 
77701900 
77701910 
77701920 
77701930 
77702000 
77702010 
77702020 
77702030 
77702040 
77702100 
77702110 
77702120 
77702130 
77702200 
77702210 
77702220 
77702230 
77702300 
77702310 
77702320 
77702330 
77702340 
77702700 
77702710 
77702720 
77702730 
77709000 
77709100 
77709200 
77709300 
77709400 
77709410 
77709420 
77709500 
77709600 
78600000 
78600010 
78600100 
78600110 
78600200 
78600210 
78600220 
78600230 
78600300 
78600310 
78600400 
78600410 
78600500 
78600510 
78600600 
78600610 
78600700 
78600710 
