69200010 
69200020 
69200030 
69200040 
69200100 
69200110 
69200120 
69200130 
69200140 
69200200 
69200210 
69200220 
69200230 
69200300 
69200310 
69200320 
69200400 
69200410 
69200420 
69200430 
69200440 
69200500 
69200510 
69200520 
69200530 
69200540 
69200550 
69200600 
69200610 
69200620 
69200630 
69200640 
69200650 
69200700 
69200710 
69200800 
69200810 
69200820 
69200830 
69200840 
69200900 
69200910 
69200920 
69200930 
69200940 
69201000 
69201010 
69201020 
69201030 
69201040 
75300000 
75300010 
75300020 
75300030 
75300040 
75300100 
75300110 
75300120 
75300130 
75300140 
75300200 
75300210 
75300220 
75300300 
75300310 
75300320 
75300330 
75300340 
75300350 
75300360 
75300400 
75300410 
75300420 
75300500 
75300510 
75300600 
75300610 
75300620 
75300630 
75300700 
75300710 
75300720 
75300800 
75300810 
75300820 
75300900 
75300910 
75300920 
75306000 
75306010 
75306020 
75309000 
75309100 
75309200 
75309300 
75309400 
75309410 
75309420 
75309500 
75309600 
77200000 
77200010 
77200020 
77200200 
77200300 
77200400 
77200500 
77200600 
77200700 
77200900 
77201000 
77201100 
77201200 
77201300 
77201400 
77201600 
77201610 
77201620 
77201630 
77201640 
77201800 
77201810 
77201820 
77201830 
77206000 
77206010 
77208000 
77208010 
77208020 
77208100 
77208110 
77208120 
77208130 
77208200 
77208210 
77208220 
77208300 
77208310 
77208400 
77208410 
77209000 
77209100 
77209200 
77209300 
77209400 
77209410 
77209420 
77209500 
77209600 
