69200010 
69200020 
69200030 
69200040 
69200100 
69200110 
69200120 
69200130 
69200140 
69200200 
69200210 
69200220 
69200230 
69200300 
69200310 
69200320 
69200400 
69200410 
69200420 
69200430 
69200440 
69200500 
69200510 
69200520 
69200530 
69200540 
69200550 
69200600 
69200610 
69200620 
69200630 
69200640 
69200650 
69200700 
69200710 
69200800 
69200810 
69200820 
69200830 
69200840 
69200900 
69200910 
69200920 
69200930 
69200940 
69201000 
69201010 
69201020 
69201030 
69201040 
74201000 
74201100 
74201110 
74201200 
74201210 
74201220 
74201230 
74201240 
74201300 
74201400 
74201500 
74201510 
74201600 
74201610 
74201700 
74201710 
74201720 
74201730 
74201800 
74201810 
74201820 
74201830 
74201840 
74201900 
74202000 
74202100 
74206000 
74206010 
74209000 
74209100 
74209200 
74209300 
74209400 
74209410 
74209420 
74209500 
74209600 
74401200 
74401300 
74401310 
74401320 
74401330 
74401340 
74401400 
74401500 
74401510 
74401600 
74406000 
74406010 
74409000 
74409100 
74409200 
74409300 
74409400 
74409410 
74409420 
74409500 
74409600 
77500300 
77500310 
77500320 
77500330 
77500350 
77500360 
77500380 
77500390 
77500400 
77500410 
77500510 
77500530 
77501100 
77501300 
77501310 
77501320 
77501400 
77501500 
77501600 
77501700 
77502200 
77502300 
77502400 
77502410 
77502420 
77502430 
77502500 
77502510 
77502520 
77502530 
77502600 
77502610 
77502620 
77502630 
77505000 
77505010 
77505020 
77505030 
77505040 
77505050 
77505060 
77505070 
77506000 
78400000 
78400010 
78400020 
78400030 
78400040 
78400050 
78400100 
78400110 
78400120 
78400130 
78400140 
78400200 
78400300 
78400400 
78400500 
78400600 
78400700 
78400800 
78405000 
78405100 
78405110 
78405200 
78405210 
78405300 
78405400 
78405500 
78405510 
78405600 
78405610 
78405620 
78406000 
78406010 
78409000 
78409100 
78409200 
78409300 
78409400 
78409410 
78409420 
78409500 
78409600 
