76900000 
76900010 
76900020 
76900030 
76900040 
76900100 
76900110 
76900120 
76900200 
76900210 
76900220 
76900230 
76900300 
76900310 
76900320 
76900400 
76900410 
76900420 
76900430 
76901100 
76901110 
76901300 
76901310 
76901400 
76901410 
76901500 
76906000 
76906010 
76909000 
76909100 
76909200 
76909300 
76909400 
76909410 
76909420 
76909500 
76909600 
78500000 
78500010 
78500020 
78500100 
78500110 
78500120 
78500200 
78500210 
78500220 
78500240 
78500250 
78500300 
78500310 
78500320 
78500330 
78500340 
78500350 
78500360 
78500400 
78500410 
78500420 
78500500 
78500510 
78500600 
78500700 
78500800 
78500810 
78500900 
78501000 
78501100 
78501200 
78505000 
78505010 
78505030 
78505100 
78505110 
78505120 
78505200 
78505210 
78505220 
78505230 
78505240 
78506000 
78506010 
78506020 
78506100 
78506110 
78506120 
78506130 
78506200 
78506210 
78506220 
78506300 
78506310 
78509000 
78509100 
78509200 
78509300 
78509400 
78509410 
78509420 
78509500 
78509600 
