74300000 
74300010 
74300020 
74300030 
74300100 
74300110 
74300120 
74300200 
74300210 
74300220 
74300230 
74300240 
74300250 
74300260 
74300300 
74300310 
74300320 
74306000 
74306010 
74309000 
74309100 
74309200 
74309300 
74309400 
74309410 
74309420 
74309500 
74309600 
76300000 
76300010 
76300020 
76300030 
76300040 
76300050 
76300100 
76300110 
76300120 
76300130 
76300150 
76300160 
76300200 
76300210 
76300220 
76300230 
76300300 
76300310 
76300320 
76300400 
76300410 
76300420 
76300430 
76300440 
76300450 
76300500 
76300510 
76300520 
76300530 
76300600 
76300610 
76300620 
76300630 
76300640 
76300700 
76300710 
76300720 
76300730 
76300740 
76300750 
76300800 
76300810 
76300900 
76300910 
76303100 
76303200 
76303300 
76305000 
76305010 
76305020 
76305030 
76305040 
76305050 
76305060 
76305070 
76306000 
76307000 
76307010 
