70407110 
70501000 
70501010 
70501020 
70501030 
70501040 
70501100 
70501200 
70501210 
70501300 
70501310 
70501400 
70501410 
70501420 
70501500 
70501510 
70501600 
70509000 
70509010 
70509020 
70509030 
70509040 
70509050 
70509060 
70509070 
70509080 
70509090 
70511000 
70511100 
70519000 
70519100 
70519200 
70519300 
70519400 
70519410 
70519500 
70519600 
70521000 
70521100 
70529000 
70529100 
70529200 
70529300 
70529400 
70529410 
70529500 
70529600 
72300000 
72300020 
72300030 
72300040 
72300300 
72300310 
72300320 
72300330 
72300400 
72300410 
72300420 
72300430 
72300500 
72300520 
72300530 
72305000 
72306000 
72306010 
72306020 
72309000 
72309100 
72309200 
72309300 
72309400 
72309410 
72309420 
72309500 
72309600 
78600000 
78600010 
78600100 
78600110 
78600200 
78600210 
78600220 
78600230 
78600300 
78600310 
78600400 
78600410 
78600500 
78600510 
78600600 
78600610 
78600700 
78600710 
