70400000 
70400010 
70400020 
70400030 
70400040 
70400100 
70400110 
70400120 
70400130 
70400140 
70400150 
70400160 
70400200 
70400300 
70400400 
70400500 
70400600 
70400700 
70400800 
70404500 
70404510 
70405000 
70405020 
70405030 
70405040 
70405050 
70405100 
70405120 
70405130 
70405140 
70405150 
70405200 
70405210 
70405220 
70405230 
70405240 
70405250 
70405300 
70405310 
70405400 
70405410 
70409000 
70409100 
70409200 
70409300 
70409400 
70409410 
70409420 
70409500 
70409600 
72600000 
72600010 
72600020 
72600030 
72600040 
72600060 
72600100 
72600200 
72600300 
72600400 
72600500 
72600600 
72600700 
72600800 
72600900 
72605000 
72605010 
72605020 
72605030 
72606000 
72606001 
72609000 
72609100 
72609200 
72609300 
72609400 
72609410 
72609420 
72609500 
72609600 
74400800 
74400810 
74400830 
74400900 
74400910 
74400920 
74401000 
74401010 
74401020 
74401030 
74401100 
74406000 
74406010 
74409000 
74409100 
74409200 
74409300 
74409400 
74409410 
74409420 
74409500 
74409600 
75200000 
75200010 
75200020 
75200100 
75200110 
75200120 
75200130 
75200140 
75200150 
75200160 
75200170 
75200300 
75200310 
75200320 
75200330 
75200340 
75200500 
75200510 
75200520 
75200530 
75200600 
75200610 
75200620 
75200700 
75200710 
75200720 
75200730 
75200800 
75200810 
75200820 
75200830 
75200840 
75200900 
75200910 
75200920 
75200930 
75200940 
75200950 
75200960 
75201000 
75201010 
75201100 
75201110 
75201120 
75201200 
75201210 
75201220 
75201230 
75201240 
75201300 
75201310 
75201320 
75201330 
75201340 
75201350 
75201400 
75201410 
75201420 
75201500 
75201510 
75201600 
75201610 
75201700 
75201710 
75201720 
75201730 
75201740 
75201750 
75201800 
75201810 
75201820 
75201830 
75201840 
75201850 
75206000 
75206010 
75209000 
75209100 
75209200 
75209300 
75209400 
75209410 
75209420 
75209500 
75209600 
76200000 
76200010 
76200020 
76200030 
76200040 
76200050 
76200060 
76200070 
76200080 
76200090 
76200100 
76200200 
76200300 
76200400 
76200500 
76200600 
76200700 
76200800 
76200900 
76205000 
76205010 
76205020 
76205100 
76205110 
76205120 
76205130 
76205200 
76205210 
76205220 
76205230 
76205300 
76205310 
76205320 
76205400 
76205410 
76206000 
76206010 
76209000 
76209100 
76209200 
76209300 
76209400 
76209410 
76209420 
76209500 
76209600 
