69200010 
69200020 
69200030 
69200040 
69200100 
69200110 
69200120 
69200130 
69200140 
69200200 
69200210 
69200220 
69200230 
69200300 
69200310 
69200320 
69200400 
69200410 
69200420 
69200430 
69200440 
69200500 
69200510 
69200520 
69200530 
69200540 
69200550 
69200600 
69200610 
69200620 
69200630 
69200640 
69200650 
69200700 
69200710 
69200800 
69200810 
69200820 
69200830 
69200840 
69200900 
69200910 
69200920 
69200930 
69200940 
69201000 
69201010 
69201020 
69201030 
69201040 
69201200 
69201210 
69201220 
69201230 
69201240 
69201300 
69201310 
69201320 
69201330 
69201340 
69201400 
69201410 
69201420 
69201430 
69201500 
69201510 
70002000 
70002010 
70002020 
70002210 
70002220 
70002240 
70002250 
70004400 
70004410 
70004420 
70004430 
70004440 
70004450 
70004460 
70004470 
70004480 
70004490 
70004500 
70004510 
70009000 
70009100 
70009200 
70009300 
70009400 
70009410 
70009420 
70009500 
70009600 
70009999 
70200000 
70200010 
70200110 
70200120 
70200140 
70200150 
70200160 
70200200 
70200220 
70200300 
70200400 
70200500 
70200510 
70200600 
70200610 
70200700 
70209000 
70209100 
70209200 
70209300 
70209400 
70209410 
70209420 
70209500 
70209600 
70209999 
72110000 
72110010 
72110020 
72110030 
72110040 
72110100 
72110110 
72110120 
72110140 
72110150 
72110200 
72110210 
72110220 
72110230 
72110400 
72110410 
72110420 
72110430 
72110500 
72110505 
72110510 
72110600 
72110605 
72110610 
72110700 
72110705 
72110710 
72110720 
72110730 
72110800 
72110810 
72110820 
72110900 
72110910 
72111000 
72111010 
72111100 
72119000 
72119100 
72119200 
72119300 
72119400 
72119410 
72119420 
72119500 
72119600 
72119800 
72119810 
72500000 
72500010 
72500020 
72500030 
72500040 
72500050 
72500100 
72500200 
72500210 
72500220 
72500300 
72500400 
72500410 
72500420 
72500430 
72500440 
72500500 
72500510 
72500520 
72500800 
72500810 
72500820 
72500900 
72500910 
72501000 
72501100 
72501200 
72501300 
72505000 
72505010 
72505020 
72505100 
72505200 
72505210 
72505300 
72505400 
72505500 
72506000 
72506010 
72506020 
72506030 
72506040 
72506050 
72506100 
72506120 
72506130 
72506200 
72506210 
72506220 
72506230 
72506300 
72509000 
72509100 
72509200 
72509300 
72509400 
72509410 
72509420 
72509500 
72509600 
74301000 
74301010 
74301100 
74301110 
74301120 
74301130 
74301200 
74301210 
74301220 
74301230 
74306000 
74306010 
74309000 
74309100 
74309200 
74309300 
74309400 
74309410 
74309420 
74309500 
74309600 
76020200 
76020300 
76029000 
76029100 
76029200 
76029300 
76029400 
76029410 
76029420 
76029500 
76029600 
