60000000 
60000010 
60000020 
60000030 
60000040 
60000050 
60000100 
69200010 
69200020 
69200030 
69200040 
69200100 
69200110 
69200120 
69200130 
69200140 
69200200 
69200210 
69200220 
69200230 
69200300 
69200310 
69200320 
69200400 
69200410 
69200420 
69200430 
69200440 
69200500 
69200510 
69200520 
69200530 
69200540 
69200550 
69200600 
69200610 
69200620 
69200630 
69200640 
69200650 
69200700 
69200710 
69200800 
69200810 
69200820 
69200830 
69200840 
69200900 
69200910 
69200920 
69200930 
69200940 
69201000 
69201010 
69201020 
69201030 
69201040 
70004200 
70004210 
70004220 
70004230 
70004240 
70004250 
70004260 
70004300 
70009000 
70009100 
70009200 
70009300 
70009400 
70009410 
70009420 
70009500 
70009600 
