75600000 
75600010 
75600020 
75600100 
75600110 
75600200 
75600210 
75600220 
75600230 
75600240 
75600250 
75600300 
75600310 
75600320 
75600330 
75600340 
75600350 
75600360 
75600370 
75600400 
75600410 
75600500 
75600510 
75600520 
75600600 
75600700 
75601100 
75601110 
75601120 
75601200 
75601300 
75601400 
75601500 
75601600 
75601610 
75601620 
75601630 
75601640 
75601700 
75601710 
75601720 
75601730 
75601740 
75601750 
75601760 
75601800 
75601810 
75601820 
75605000 
75605010 
75605020 
75605100 
75605110 
75605200 
75605210 
75605220 
75609000 
75609100 
75609200 
75609300 
75609400 
75609410 
75609420 
75609500 
75609600 
