10 
1000000 
1010000 
1010001 
1010002 
1010003 
1010004 
1020005 
1020010 
1020020 
1020030 
1020040 
1020050 
1020055 
1020060 
1020070 
1020080 
1020090 
1020100 
1020110 
1020120 
1020125 
1020126 
1021010 
1021015 
1021020 
1021025 
1021030 
1021035 
1021040 
1021050 
1021060 
1021065 
1021070 
1021075 
1021080 
1022010 
1022020 
1022030 
1022040 
1022050 
1022060 
1030010 
1030020 
1030030 
1040010 
1041010 
1042010 
10000000 
11010000 
11010001 
11010002 
11010003 
11010004 
20000000 
21010000 
21010001 
21010002 
21010003 
21010004 
22010000 
30000000 
30010000 
90000000 
