0 
17 
21 
29 
50 
100200 
100220 
100240 
100260 
100270 
100280 
100290 
100400 
100420 
100440 
100460 
100470 
100480 
100490 
101000 
101020 
101040 
101060 
101080 
101090 
101091 
101400 
101420 
101440 
101460 
101480 
101490 
101500 
101520 
101540 
101560 
101580 
101590 
101600 
101620 
101640 
101660 
101680 
101690 
101691 
101700 
101720 
101740 
101760 
101780 
101790 
101791 
101800 
101820 
101840 
101860 
101880 
101890 
101900 
101920 
101940 
101960 
101980 
101990 
101991 
102300 
102320 
102340 
102360 
102380 
102390 
102391 
102500 
102520 
102540 
102560 
102580 
102590 
102700 
102720 
102740 
102760 
102780 
102790 
102800 
102820 
102840 
102860 
102880 
102890 
102900 
102920 
102940 
102960 
102980 
102990 
103000 
103020 
103040 
103060 
103080 
103090 
103100 
103120 
103140 
103160 
103180 
103190 
103191 
103200 
103220 
103240 
103260 
103280 
103290 
103300 
103320 
103340 
103360 
103380 
103390 
103400 
103420 
103440 
103460 
103480 
103490 
201000 
201020 
201040 
201060 
201080 
201090 
201100 
201120 
201140 
201160 
201170 
201180 
201190 
202100 
202120 
202140 
202160 
202180 
202190 
202191 
202192 
202193 
202400 
202420 
202440 
202460 
202461 
202480 
202490 
202600 
202620 
202640 
202660 
202680 
202690 
206200 
206300 
300100 
300200 
300300 
300400 
300500 
300600 
300700 
300800 
300900 
301000 
301100 
301200 
301300 
301400 
301500 
301600 
301700 
301800 
305000 
306000 
400300 
400320 
400340 
400360 
400380 
400381 
400382 
400383 
400390 
401000 
503500 
503510 
503520 
503540 
503560 
503580 
503590 
503591 
503592 
503593 
503600 
503620 
503640 
503660 
503680 
503690 
503691 
503692 
503700 
503720 
503740 
503760 
503780 
503790 
503791 
503792 
503800 
503820 
503840 
503860 
503861 
503880 
503890 
900000 
981600 
981800 
981900 
982100 
982400 
982500 
990000 
998000 
999000 
999100 
999200 
999300 
999400 
999500 
999600 
999700 
999800 
999900 
