0 
10 
1010 
1011 
1012 
1020 
1021 
1022 
1030 
1031 
1032 
1040 
1041 
1042 
1050 
1051 
1052 
1060 
1061 
1062 
1070 
1071 
1072 
1080 
1081 
1082 
1090 
1091 
1092 
1100 
1101 
1102 
1110 
1111 
1112 
2000 
3000 
4000 
4010 
4020 
4100 
4110 
4120 
4200 
4210 
4220 
5000 
5010 
5020 
6000 
6010 
6020 
7000 
7010 
7020 
7100 
7110 
7120 
7200 
7300 
7400 
8000 
8010 
8020 
9000 
10010 
10020 
10030 
10040 
10050 
10060 
10070 
10080 
10090 
20100 
20110 
20120 
20200 
20210 
20220 
20300 
20310 
20320 
20400 
20410 
20420 
30000 
30010 
30020 
40000 
40010 
40020 
50000 
50010 
50020 
100000 
100010 
100011 
100020 
100100 
100110 
100111 
100120 
100121 
100122 
100200 
100210 
100211 
100220 
100221 
100222 
100223 
100300 
100301 
100310 
100311 
100320 
100321 
100322 
100323 
100400 
100401 
100410 
100411 
100420 
100421 
100422 
100423 
100500 
100501 
100510 
100511 
100520 
100521 
100522 
100523 
100600 
100601 
100610 
100611 
100620 
100621 
100622 
100623 
100700 
100701 
100710 
100711 
100720 
100721 
100722 
100723 
100800 
100801 
100810 
100811 
100812 
100820 
100821 
100822 
100823 
100900 
100901 
100902 
100910 
100911 
100912 
100920 
100921 
100922 
100923 
100924 
101000 
101001 
101002 
101010 
101011 
101012 
101020 
101021 
101022 
101023 
101024 
101100 
101101 
101102 
101110 
101111 
101112 
101120 
101121 
101122 
101123 
101124 
101200 
101201 
101202 
101210 
101211 
101212 
101220 
101221 
101222 
101223 
101224 
101300 
101301 
101302 
101310 
101311 
101312 
101320 
101321 
101322 
101323 
101324 
101400 
101401 
101402 
101410 
101411 
101412 
101420 
101421 
101422 
101423 
101424 
101500 
101501 
101502 
101510 
101511 
101512 
101520 
101521 
101522 
101523 
101524 
101600 
101601 
101602 
101610 
101611 
101612 
101620 
101621 
101622 
101623 
101624 
101700 
101701 
101702 
101710 
101711 
101712 
101720 
101721 
101722 
101723 
101724 
101800 
101801 
101802 
101803 
101810 
101811 
101812 
101813 
101820 
101821 
101822 
101823 
101824 
101900 
101901 
101902 
101903 
101910 
101911 
101912 
101913 
101920 
101921 
101922 
101923 
101924 
102000 
102001 
102002 
102003 
102010 
102011 
102012 
102013 
102020 
102021 
102022 
102023 
102024 
102025 
102100 
102101 
102102 
102103 
102110 
102111 
102112 
102113 
102120 
102121 
102122 
102123 
102124 
102125 
102200 
102201 
102202 
102203 
102210 
102211 
102212 
102213 
102220 
102221 
102222 
102223 
102224 
102225 
102300 
102301 
102302 
102303 
102304 
102310 
102311 
102312 
102313 
102314 
102320 
102321 
102322 
102323 
102324 
102325 
102400 
102401 
102402 
102403 
102404 
102410 
102411 
102412 
102413 
102414 
102420 
102421 
102422 
102423 
102424 
102425 
2000000 
2000001 
2000002 
2000003 
2000004 
2000005 
2000006 
2000007 
2000010 
2000011 
2000012 
2000013 
2000014 
2000015 
2000016 
2000017 
2000020 
2000021 
2000022 
2000023 
2000024 
2000025 
2000026 
2000027 
2000028 
2010000 
2010001 
2010002 
2010003 
2010004 
2010010 
2010011 
2010012 
2010013 
2010014 
2010020 
2010021 
2010022 
2010023 
2010024 
2010025 
300101000 
300102000 
300103000 
300104000 
300105000 
300106000 
300107000 
300108000 
300109000 
300110000 
300111000 
300112000 
300113000 
300114000 
300115000 
300116000 
300117000 
300118000 
300119000 
300120000 
300121000 
300122000 
300123000 
300124000 
300125000 
300126000 
300127000 
300128000 
