1 
2 
3 
400 
410 
420 
430 
440 
450 
490 
491 
500 
510 
600 
601 
602 
603 
610 
611 
612 
700 
710 
720 
800 
810 
820 
900 
910 
920 
930 
931 
940 
941 
950 
951 
960 
1000 
1400 
1420 
1440 
2000 
2400 
2420 
2440 
5010 
6010 
7010 
8010 
9000 
9010 
9020 
9030 
9050 
9051 
9060 
9070 
9090 
10010 
10011 
10012 
10013 
10020 
10021 
10022 
10023 
10030 
10031 
10032 
10033 
10040 
10041 
10042 
10043 
10050 
10060 
10061 
10070 
10071 
11010 
12010 
50000 
50001 
50002 
50003 
50004 
50100 
50110 
1720000 
1960000 
1960010 
1970000 
1970010 
1980000 
1990000 
1990010 
3660000 
3660001 
3660002 
5295000 
10000000 
10000300 
10000400 
10000500 
10000510 
10000520 
10000800 
10001000 
10001100 
10001200 
10001300 
10001400 
10001500 
10001600 
10001700 
10001710 
10001900 
10001910 
10002100 
10002110 
10002400 
10002500 
10002600 
10003110 
10003200 
10003300 
10003400 
10003600 
10003700 
10003710 
10003800 
10003810 
10003900 
10003910 
10004000 
10004001 
10004004 
10004006 
10004007 
10004009 
10004010 
10004011 
10004012 
10004013 
10004014 
10004015 
10004016 
10004017 
10004018 
10004020 
10004022 
10004025 
10004026 
10004027 
10004033 
10004034 
10004035 
10004037 
10004100 
10004200 
10004300 
10004310 
10004320 
10004330 
10004340 
10004350 
10004400 
10004500 
10004510 
10004520 
10004530 
10004540 
10004600 
10004700 
10004810 
10004820 
10004830 
10004840 
10004850 
10004860 
10004870 
10004900 
10005000 
10005010 
10005100 
10005200 
10005300 
10005400 
10005500 
10005600 
10005700 
10005710 
10005720 
10005730 
10005800 
10005900 
10005910 
10005920 
10005930 
10006000 
10006100 
10006110 
10006120 
10006130 
10006140 
10006200 
10006400 
10006500 
10006510 
10006600 
10007200 
10007210 
10007300 
10007310 
10007400 
10007410 
10007500 
10007600 
10007710 
10007711 
10007712 
10007713 
10007800 
10008000 
10008004 
10008005 
10008010 
10008100 
10008101 
10008110 
10008200 
10008201 
10008300 
10008400 
10008500 
10008600 
10008700 
10008800 
10008900 
10009000 
10009100 
10009300 
10009500 
10009505 
10009510 
10009600 
10009601 
10009700 
10009701 
10009800 
10009900 
10010000 
10010600 
10010700 
10010800 
10010900 
10011000 
10011001 
10011002 
10011010 
10011011 
10011012 
10011200 
10011201 
10011202 
10011400 
10011401 
10011402 
10011405 
10011406 
10011407 
10011410 
10011411 
10011412 
10011700 
10011701 
10011702 
10011800 
10011801 
10011802 
10011900 
10012000 
10012100 
10012200 
10012300 
10012400 
10012500 
10012501 
10012502 
10012510 
10012511 
10012512 
10012700 
10012701 
10012702 
10012710 
10012711 
10012712 
10012900 
10012901 
10012902 
10012905 
10012906 
10012907 
10012910 
10012911 
10012912 
10013200 
10013201 
10013202 
10013300 
10013301 
10013302 
10013400 
10014000 
10014001 
10014002 
10014010 
10014011 
10014012 
10014100 
10014101 
10014102 
10014200 
10014201 
10014202 
10014210 
10014211 
10014212 
10014250 
10014251 
10014252 
10014260 
10014261 
10014262 
10014300 
10014400 
10014401 
10014410 
10014411 
10014600 
10014601 
10014610 
10014611 
10014800 
10014801 
10014810 
10014811 
10014820 
10014821 
10014830 
10014831 
10015100 
10015101 
10015200 
10015201 
10015210 
10015211 
10015300 
10015301 
10015400 
10015500 
10015600 
10015700 
10015800 
10015900 
10015901 
10015910 
10015911 
10016100 
10016101 
10016110 
10016111 
10016120 
10016121 
10016200 
10016201 
10016300 
10016301 
10016310 
10016311 
10016400 
10016401 
10016500 
10016501 
10016600 
10016601 
10016610 
10016611 
10016700 
10016701 
10016710 
10016711 
10016800 
10016801 
10017300 
10017400 
10017401 
10017410 
10017411 
10017500 
10017501 
10017510 
10017511 
10017600 
10017601 
10017610 
10017611 
10017700 
10017800 
10017810 
10017820 
10017910 
10017920 
10017930 
10017940 
10018000 
10018010 
10018200 
10018210 
10018220 
10018230 
10018231 
10018240 
10018241 
10018250 
10018600 
10018610 
10018611 
10018700 
10018705 
10018710 
10018800 
10018900 
10019000 
10019100 
10019200 
10019400 
10019405 
10019406 
10019410 
10019600 
10019610 
10019800 
10019805 
10019810 
10019820 
10019830 
10020100 
10020200 
10020210 
10020211 
10020300 
10020305 
10020310 
10020400 
10021000 
10021010 
10021050 
10021060 
10021100 
10021110 
10021150 
10021160 
10021200 
10021210 
10021250 
10021260 
10021300 
10021400 
10021410 
10021510 
10021520 
10021530 
10021540 
10021600 
10021610 
10021800 
10021801 
10021810 
10022100 
10022101 
10022200 
10022300 
10022400 
10022500 
10022600 
10022700 
10022800 
10022900 
10022910 
10023100 
10023110 
10023300 
10023301 
10023310 
10023600 
10023601 
10023700 
10023800 
10024350 
10024360 
10024400 
10024410 
10024500 
10024510 
10024600 
10024610 
10024700 
10024800 
10024810 
10024900 
10025000 
10025005 
10025010 
10025100 
10025200 
10025210 
10025220 
10025221 
10025230 
10025300 
10025500 
10025501 
10025600 
10025700 
10025800 
10025900 
10026000 
10026100 
10026200 
10026300 
10026310 
10026500 
10026510 
10026600 
10026710 
10026800 
10027000 
10027100 
10027200 
10027800 
10027900 
10028000 
10028050 
10028051 
10028100 
10028200 
10028400 
10028600 
10028610 
10028700 
10028900 
10029000 
10029100 
10029200 
10029300 
10029400 
10029500 
10029600 
10029700 
10029900 
10030100 
10030110 
10030120 
10030130 
10030140 
10030200 
10030300 
10030400 
10030500 
10030600 
10031200 
10031300 
10031400 
10031500 
10031600 
10031610 
10031700 
10031800 
10031900 
10031910 
10032000 
10032050 
10032100 
10032200 
10032400 
10032410 
10032420 
10032430 
10032440 
10032500 
10032510 
10032600 
10032605 
10032610 
10032700 
10032800 
10032900 
10033100 
10033200 
10033300 
10033510 
10033520 
10033600 
10033710 
10033720 
10033800 
10033810 
10033820 
10033830 
10033840 
10033850 
10034200 
10034210 
10034220 
10034300 
10034310 
10034320 
10034400 
10035000 
10035010 
10035100 
10035110 
10035200 
10035210 
10035300 
10035400 
10035410 
10035500 
10035600 
10035700 
10035800 
10035810 
10036100 
10036210 
10036300 
10036400 
10036500 
10036600 
10036700 
10036900 
10036910 
10037000 
10037100 
10037200 
10037300 
10037310 
10037500 
10037600 
10037700 
10037800 
10038400 
10038410 
10038500 
10038510 
10038600 
10038610 
10038700 
10038800 
10038810 
10039100 
10039410 
10039500 
10039600 
10039700 
10039900 
10039910 
10040000 
10040100 
10040200 
10040300 
10040400 
10040700 
10040800 
10040810 
10040900 
10041000 
10041020 
10041100 
10041110 
10041120 
10041200 
10041300 
10041350 
10041400 
10041410 
10041500 
10041510 
10041520 
10041600 
10042100 
10042200 
10042300 
10042400 
10042500 
10042600 
10042601 
10042610 
10042620 
10042630 
10042700 
10042701 
10042800 
10042801 
10042810 
10042811 
10042900 
10042901 
10042910 
10042911 
10042920 
10042930 
10042931 
10043000 
10043001 
10043010 
10043011 
10043020 
10043030 
10043040 
10043050 
10043200 
10043201 
10043600 
10043610 
10043620 
10043700 
10043701 
10043710 
10043720 
10043721 
10043800 
10043810 
10043900 
10043910 
10044000 
10044010 
10044100 
10044110 
10044200 
10044210 
10044400 
10044401 
10044410 
10044420 
10044500 
10044501 
10044510 
10044600 
10044601 
10044610 
10044611 
10044620 
10044621 
10044700 
10044701 
10044710 
10044800 
10044801 
10044900 
10044901 
10044910 
10044911 
10044920 
10044921 
10044930 
10044931 
10044940 
10044941 
10044950 
10045200 
10045300 
10045310 
10045311 
10045320 
10045400 
10045410 
10045411 
10045420 
10045430 
10045500 
10045510 
10046000 
10046010 
10046100 
10046110 
10046120 
10046200 
10046210 
10046220 
10046300 
10046310 
10046320 
10046400 
10046410 
10046510 
10046520 
10046530 
10046710 
10046720 
10046900 
10046910 
10046920 
10047200 
10047300 
10047400 
10047500 
10047600 
10047700 
10047800 
10047900 
10048000 
10048010 
10048200 
10048210 
10048400 
10048410 
10048420 
10048700 
10048810 
10048900 
10049500 
10049600 
10049700 
10049800 
10050000 
10050010 
10050100 
10050200 
10050300 
10050310 
10050320 
10050330 
10050600 
10050700 
10050800 
10050900 
10051000 
10051100 
10051200 
10051300 
10051400 
10051410 
10051500 
10051610 
10051620 
10051630 
10051800 
10051810 
10051900 
10051901 
10052100 
10052200 
10052210 
10052211 
10052300 
10052900 
10053000 
10053100 
10053200 
10053300 
10053400 
10053410 
10053500 
10053700 
10053800 
10053900 
10054010 
10054080 
10054090 
10054100 
10054200 
10054300 
10054400 
10054500 
10054700 
10054800 
10055000 
10055200 
10055400 
10055510 
10055520 
10055600 
10055610 
10055700 
10055800 
10056400 
10056500 
10056600 
10056700 
10056800 
10056801 
10056900 
10056910 
10057000 
10057110 
10057111 
10057120 
10057200 
10057201 
10057300 
10057301 
10057310 
10057311 
10057600 
10057601 
10057700 
10057701 
10057800 
10057810 
10057900 
10058000 
10058400 
10058410 
10058411 
10058500 
10058600 
10058700 
10058710 
10058711 
10058900 
10059000 
10059001 
10059310 
10059311 
10059320 
10059330 
10059331 
10059400 
10059401 
10059500 
10059510 
10059511 
10059600 
10059610 
10059620 
10060100 
10060200 
10060210 
10060220 
10060300 
10060310 
10060320 
10060400 
10060410 
10060420 
10060500 
10060610 
10060620 
10060710 
10060720 
10060730 
10060740 
10060800 
10060900 
10060910 
10061000 
10061010 
10061020 
10061100 
10061400 
10061410 
10061500 
10061600 
10061700 
10061800 
10061900 
10062000 
10062200 
10062210 
10062220 
10062300 
10062410 
10062420 
10062500 
10062600 
10062610 
10062700 
10063000 
10063010 
10063110 
10063200 
10063800 
10063801 
10063900 
10063901 
10064000 
10064001 
10064100 
10065600 
10065700 
10065800 
10065900 
10066000 
10066100 
10066105 
10066106 
10066110 
10066115 
10066116 
10066310 
10066810 
10067100 
10067600 
10067605 
10067606 
10067610 
10067615 
10067616 
10068000 
10068100 
10068600 
10069200 
10069300 
10069400 
10069500 
10069600 
10069605 
10069606 
10069700 
10069900 
10070100 
10071100 
10071105 
10071106 
10071500 
10071600 
10072100 
10072101 
10072200 
10072700 
10072800 
10072900 
10073200 
10073600 
10073700 
10073800 
10074200 
10074300 
10074400 
10074900 
10075000 
10075100 
10080000 
10080100 
10080800 
10080900 
10081000 
10081100 
10081200 
10081300 
10081900 
10082000 
10082100 
10082200 
10082300 
10082400 
10082700 
20000000 
20000100 
20000200 
20000300 
20000600 
20000700 
20000800 
20000900 
20001000 
20001100 
20001200 
20001300 
20001400 
20002100 
20002500 
20002510 
20002600 
20002700 
20002800 
20002900 
20003200 
20003300 
20003400 
20003500 
20003600 
20003700 
20003800 
20003900 
20004000 
20004700 
20005100 
20005110 
20005200 
20005300 
20005400 
20005500 
20005600 
20005700 
20005800 
20006200 
20006400 
20006500 
20006600 
20006700 
20006800 
20006900 
20007000 
20007100 
20007200 
20007300 
20007400 
20007800 
20008000 
20008100 
20008200 
20008600 
20008700 
20008800 
20008900 
20009000 
20009100 
20009200 
20009300 
20009400 
20009800 
20010000 
20010100 
20010200 
20010300 
20010400 
20010500 
20010600 
20010700 
20011100 
20011300 
20011400 
20011500 
20011600 
20011700 
20011800 
20011900 
20012000 
20012400 
20012600 
20012700 
20012800 
20012900 
20013000 
20013100 
20013200 
20013300 
20013600 
20013700 
20014100 
20014200 
20014400 
20014500 
20014600 
20014700 
20014800 
20014900 
20015000 
20015100 
20015600 
20015700 
20015800 
20015900 
20016000 
20016100 
20016400 
20016500 
20016600 
20016700 
20016800 
20016900 
20017000 
20017100 
20017200 
20017900 
20018300 
20018400 
20018500 
20018600 
20018700 
20018800 
20018900 
20019000 
20019100 
20019200 
20019300 
20019400 
20019500 
20019600 
20019700 
20019800 
20019900 
20020000 
20020100 
20020200 
20020300 
20020900 
20021000 
20021100 
20021200 
20021300 
20021400 
20021500 
20021600 
20021700 
20021701 
20021800 
20021900 
20022000 
20022100 
20022200 
20022300 
20022400 
20022500 
20022600 
20022700 
20022800 
20022900 
20023000 
20023100 
20023700 
20023800 
20023900 
20024000 
20024100 
20024110 
20024200 
20024210 
20024300 
20024310 
20024400 
20024410 
20024500 
20024600 
20024700 
20024800 
20024900 
20025000 
20025100 
20025200 
20025300 
20025400 
20025500 
20025600 
20025700 
20025800 
20025900 
20026000 
20026100 
20026200 
20026300 
20026900 
20027000 
20027100 
20027200 
20027300 
20027400 
20027500 
20027600 
20027700 
20027800 
20027900 
20028000 
20028100 
20028200 
20028300 
20028400 
20028500 
20028600 
20028700 
20028800 
20028900 
20029000 
20029100 
20029700 
20029800 
20029900 
20030000 
20030100 
20030110 
20030200 
20030210 
20030300 
20030310 
20030400 
20030410 
20030500 
20030510 
20030520 
20030600 
20030610 
20030620 
20030700 
20030710 
20030720 
20030800 
20030810 
20030820 
20030900 
20030910 
20031000 
20031100 
20031200 
20031300 
20031400 
20031500 
20031600 
20031700 
20031800 
20031900 
20032000 
20032100 
20032200 
20032300 
20032400 
20032500 
20032600 
20032700 
20033300 
20033400 
20033500 
20033600 
20033700 
20033800 
20033900 
20033901 
20033910 
20034000 
20034001 
20034010 
20034050 
20034051 
20034060 
20034100 
20034110 
20034200 
20034300 
20034400 
20034500 
20034600 
20034700 
20034800 
20034900 
20035000 
20035100 
20035200 
20035300 
20035400 
20035500 
20035600 
20035601 
20035700 
20035800 
20035900 
20036500 
20036510 
20036600 
20036610 
20036700 
20036710 
20036800 
20036900 
20036901 
20036910 
20036911 
20037000 
20037001 
20037100 
20037101 
20037200 
20037201 
20037300 
20037301 
20037400 
20037401 
20037500 
20037600 
20037700 
20037800 
20037900 
20038000 
20038100 
20038101 
20038200 
20038201 
20038300 
20038301 
20038400 
20038401 
20038500 
20038501 
20038600 
20038601 
20038700 
20039300 
20039301 
20039310 
20039311 
20039400 
20039401 
20039410 
20039411 
20039500 
20039501 
20039510 
20039511 
20039600 
20039700 
20039710 
20039720 
20039800 
20039810 
20039820 
20039900 
20039901 
20039910 
20040000 
20040001 
20040100 
20040101 
20040200 
20040201 
20040300 
20040301 
20040400 
20040401 
20040410 
20040411 
20040500 
20040501 
20040510 
20040511 
20040600 
20040601 
20040610 
20040611 
20040700 
20040800 
20040900 
20041000 
20041500 
20041600 
20041700 
20041800 
20041900 
20042000 
20042100 
20042200 
20042300 
20042400 
20042500 
20042600 
20042700 
20042800 
20042900 
20043000 
20043100 
20043200 
20043300 
20043400 
20043500 
20043600 
20043700 
20043800 
20043900 
20044000 
20044100 
20044700 
20044800 
20044900 
20045000 
20045100 
20045110 
20045200 
20045300 
20045400 
20045500 
20045600 
20045700 
20045800 
20045900 
20046000 
20046100 
20046200 
20046300 
20046400 
20046500 
20046600 
20046700 
20046800 
20046900 
20047500 
20047510 
20047600 
20047610 
20047700 
20047710 
20048100 
20048200 
20048210 
20048300 
20048400 
20048500 
20048600 
20048700 
20048800 
20048900 
20049000 
20049100 
20049200 
20049300 
20049400 
20049500 
20049600 
20049700 
20049800 
20049900 
20050000 
20050600 
20050700 
20050800 
20050900 
20051000 
20051100 
20051200 
20051400 
20051600 
20051800 
20052000 
20052200 
20052400 
20052600 
20052800 
20053000 
20053200 
20053400 
20053600 
20053800 
20054000 
20054200 
20054400 
20054600 
20054800 
20055000 
20056200 
20056400 
20056600 
20056800 
20057000 
20057010 
20057200 
20057400 
20057600 
20057800 
20058000 
20058200 
20058400 
20058600 
20058800 
20059000 
20059200 
20059400 
20059600 
20059800 
20060000 
20060200 
20060400 
20060600 
20061800 
20062000 
20062200 
20062400 
20062500 
20062600 
20062700 
20062800 
20062900 
20063000 
20063100 
20063200 
20063300 
20063400 
20063500 
20063600 
20063700 
20063800 
20063900 
20064000 
20064100 
20064200 
20064300 
20064400 
20064500 
20064600 
20064700 
20064800 
20064900 
20065000 
20065100 
20065200 
20065300 
20065400 
20065500 
20065600 
20065700 
20065800 
20065900 
20066000 
20066100 
20066200 
20066300 
20066400 
20066500 
20066600 
20066700 
20066701 
20066800 
20066900 
20067000 
20067100 
20067700 
20067710 
20067800 
20067810 
20067900 
20067910 
20068000 
20068100 
20068200 
20068300 
20068400 
20068500 
20068501 
20068600 
20068700 
20068800 
20068900 
20069000 
20069100 
20069200 
20069300 
20069400 
20069500 
20069600 
20069700 
20069800 
20069900 
20070500 
20070510 
20070600 
20070610 
20070700 
20070710 
20070800 
20070900 
20070910 
20070920 
20071000 
20071010 
20071020 
20071100 
20071110 
20071120 
20071200 
20071210 
20071220 
20071250 
20071260 
20071270 
20071300 
20071310 
20071320 
20071400 
20071401 
20071500 
20071510 
20071520 
20071600 
20071601 
20071900 
20071901 
20071910 
20072000 
20072001 
20072010 
20072100 
20072200 
20072300 
20072400 
20072500 
20072600 
20072700 
20072800 
20072900 
20073000 
20073100 
20073200 
20073300 
20073400 
20073500 
20073600 
20073700 
20073800 
20073900 
20074000 
20074100 
20074200 
20074300 
20074400 
20074500 
20074600 
20074700 
20074800 
20074900 
20075000 
20075100 
20075200 
20075300 
20075400 
20075500 
20075600 
20075700 
20075800 
20075900 
20076000 
20076100 
20076200 
20076300 
20076400 
20076500 
20076600 
20076700 
20077300 
20077400 
20077500 
20077600 
20078100 
20078110 
20078200 
20078300 
20078400 
20078500 
20078600 
20078700 
20078800 
20078900 
20079000 
20079100 
20079300 
20079400 
20079500 
20079600 
20079700 
20079800 
20079900 
20080400 
20080500 
20080600 
20080700 
20080800 
20080900 
20080910 
20080920 
20081000 
20081010 
20081020 
20081100 
20081110 
20081200 
20081210 
20081300 
20081310 
20081400 
20081410 
20083300 
20083400 
20083500 
20083600 
20083700 
20083800 
20083900 
20084000 
20084100 
20084200 
20084205 
20084210 
20084300 
20084400 
20084500 
20084600 
20084700 
20084800 
20084900 
20085000 
20085100 
20085200 
20085300 
20085400 
20085500 
20085600 
20085609 
20085610 
20085611 
20085612 
20085613 
20085620 
20085621 
20085622 
20085623 
20085700 
20085710 
20085800 
20085810 
20085900 
20085910 
20086000 
20086010 
20086100 
20086101 
20086200 
20086300 
20086301 
20086302 
20086500 
20086501 
20086600 
20086700 
20086800 
20086801 
20086805 
20086900 
20086901 
20086905 
20087000 
20087001 
20087005 
20087100 
20087101 
20087200 
20087300 
20087400 
20087500 
20087600 
20087700 
20087800 
20087801 
20087805 
20087900 
20087901 
20088000 
20088100 
20088200 
20088300 
20088400 
20088500 
20088510 
20088600 
20088605 
20088606 
20088610 
20088700 
20088705 
20088710 
20088720 
20088730 
20088800 
20088810 
20088815 
20088816 
20088820 
20088821 
20088900 
20088901 
20088911 
20088915 
20088919 
20088920 
20088921 
20089000 
20089001 
20089005 
20089010 
20089011 
20089012 
20089100 
20089101 
20089105 
20089110 
20089111 
20089112 
20089200 
20089210 
20089300 
20089380 
20089390 
20089400 
20089401 
20089410 
20089420 
20089500 
20089501 
20089600 
20089601 
20089602 
20089700 
20089701 
20089702 
20089800 
20089801 
20089802 
20089900 
20089901 
20089902 
20090000 
20090001 
20090010 
20090100 
20090101 
20090110 
20090200 
20090300 
20090400 
20090500 
20090600 
20090700 
20090701 
20090702 
20090800 
20090900 
20091000 
20091100 
20091300 
20091400 
20091401 
20091500 
20091600 
20091610 
20091611 
20091612 
20091700 
20091701 
20091702 
20091800 
20091900 
20092000 
20092100 
20092200 
20092300 
20092400 
20092500 
20092501 
20092600 
20092601 
20092700 
20092701 
20093000 
20093001 
20093100 
20093101 
20093300 
20093600 
20093601 
20093700 
20093701 
20093800 
20093801 
20094000 
20094001 
20094100 
20094101 
20094400 
20094401 
20094410 
20094411 
20094500 
20094501 
20094510 
20094511 
20094600 
20094605 
20094800 
20094900 
20095000 
20095100 
20095200 
20095300 
20095400 
20095600 
20095700 
20095900 
20096000 
20096100 
20096110 
20096200 
20096210 
20096300 
20096310 
20096400 
20096700 
20096800 
20096900 
20097100 
20097101 
20097110 
20097111 
20100000 
20101000 
20102000 
20103000 
20103001 
20104000 
20105000 
20105001 
20106000 
20107000 
20108000 
20109000 
20111000 
20112000 
20113000 
20114000 
20115000 
20115001 
20116000 
20117000 
20119000 
20120000 
20121000 
20123000 
20123001 
20123002 
20123005 
20123010 
20124000 
20125000 
20126000 
20127000 
20128000 
20129000 
20130000 
20130001 
20131000 
20132000 
20133000 
20134000 
20135000 
20136000 
20137000 
20139000 
20140000 
20141000 
20142000 
20143000 
20143001 
20144000 
20145000 
20147000 
20148000 
20149000 
20150001 
20150002 
20151000 
20153000 
20154000 
20156000 
20157000 
20158000 
20159000 
20160000 
20161000 
20161001 
20162000 
20162001 
20163000 
20163001 
20166000 
20166001 
20167000 
20169000 
20170000 
20172000 
20172001 
20173000 
20173001 
20177000 
20177001 
20178000 
20181000 
20182000 
20183000 
20185000 
20185001 
20186000 
20186001 
20187000 
20187100 
20188000 
20189000 
20190000 
20191000 
20192000 
20193000 
20194000 
20195000 
20196000 
20197000 
20197001 
20198000 
20199000 
20199100 
20199101 
20199200 
20199201 
20199300 
20199301 
20200000 
20200001 
20200010 
20200011 
20201000 
20201001 
20202000 
20202001 
20203000 
20203001 
20204000 
20205000 
20206000 
20207000 
20208000 
20208001 
20209000 
20209001 
20210000 
20210001 
20211000 
20211001 
20212000 
20212001 
20213000 
20213001 
20214000 
20215000 
20216000 
20217000 
20218000 
20219000 
20220000 
20220010 
20221000 
20222000 
20223000 
20224000 
20224010 
20225000 
20225010 
20226000 
20227000 
20228000 
20229000 
20229010 
20230100 
20230200 
20230300 
20230400 
20230500 
20230600 
20230610 
20230620 
20230700 
20230710 
20230720 
20230800 
20230810 
20230820 
20230900 
20230910 
20230920 
20231000 
20231010 
20231020 
20232200 
20232210 
20232220 
20232230 
20232300 
20232310 
20232320 
20232330 
20232400 
20232410 
20232420 
20232430 
20232500 
20232510 
20232520 
20232530 
20232600 
20232610 
20232620 
20232630 
20232700 
20232710 
20232720 
20232730 
20233530 
21001000 
21001010 
21002000 
21003000 
21004000 
21004010 
21004020 
21004030 
21004040 
21004050 
21005000 
21005010 
21006000 
21007000 
21008000 
21008010 
21009000 
21010000 
21011000 
21011010 
21011020 
21012000 
21013000 
21013010 
21013011 
21014000 
21015000 
21016000 
21017000 
21017010 
21018000 
21018010 
21018020 
21019000 
21020000 
21021000 
21022000 
21023000 
21024000 
21025000 
21026000 
21027000 
21028000 
21029000 
21030000 
21031000 
21032000 
22001000 
22001010 
22002000 
22003000 
22004000 
22004010 
22004020 
22004030 
22004040 
22004050 
22005000 
22005010 
22006000 
22007000 
22008000 
22008010 
22009000 
22010000 
22011000 
22011010 
22011020 
22012000 
22013000 
22013010 
22013011 
22014000 
22015000 
22016000 
22017000 
22017010 
22018000 
22018010 
22018020 
22019000 
22020000 
22021000 
22022000 
22023000 
22024000 
22025000 
22026000 
22027000 
22028000 
22029000 
22030000 
22031000 
22032000 
23001000 
23001010 
23002000 
23003000 
23004000 
23004010 
23004020 
23004030 
23004040 
23004050 
23005000 
23005010 
23006000 
23007000 
23008000 
23008010 
23009000 
23010000 
23011000 
23011010 
23011020 
23012000 
23013000 
23013010 
23013011 
23014000 
23015000 
23016000 
23017000 
23017010 
23018000 
23018010 
23018020 
23019000 
23020000 
23021000 
23022000 
23023000 
23024000 
23025000 
23026000 
23027000 
23028000 
23029000 
23030000 
23031000 
23032000 
30000010 
30000020 
30000030 
30000040 
30000041 
30000042 
30000043 
30000044 
30000060 
30000061 
30000070 
30000110 
30000120 
30000130 
30000140 
31010000 
31020000 
31030000 
31040000 
31050000 
31050010 
31060000 
31060010 
31070000 
31070010 
31070060 
31080000 
31080010 
31080060 
31090000 
31100000 
31110000 
31110010 
31120000 
31130000 
31130010 
31140000 
31140010 
31140020 
31150000 
31150010 
31160000 
31160001 
31160002 
31160010 
31160011 
31170000 
31170001 
31170002 
31170010 
31170011 
31170012 
31170013 
31180000 
31180001 
31181000 
31181001 
31190000 
31190001 
31191000 
31191001 
31200000 
31200001 
31201000 
31201001 
31210000 
31210001 
31211000 
31211001 
31220000 
31220001 
31220010 
31230000 
31240000 
31250000 
31250001 
31250002 
31251000 
31251001 
31251002 
31260000 
31270000 
31270001 
31280000 
31280010 
31290000 
31290001 
31300000 
31300010 
31300020 
31310000 
31310001 
31310002 
31310003 
31310010 
31310011 
31310012 
31310013 
31310014 
31310020 
31310021 
31310022 
31310023 
31310024 
31310030 
31310031 
31310032 
31310033 
31310034 
31310040 
31310041 
31310042 
31310043 
31310044 
32010000 
32010010 
32010011 
32010012 
32010013 
32010014 
32020000 
32020010 
32020011 
32020012 
32020013 
32020014 
32030000 
32030001 
32040000 
32040010 
32040011 
32040012 
32040013 
32040014 
32050000 
32050010 
32050011 
32050012 
32050013 
32050014 
32060000 
32060001 
32070000 
32070001 
32080000 
32080010 
32080011 
32080012 
32080013 
32080014 
32080050 
32090000 
32090001 
32100000 
32100001 
32110000 
32110001 
32120000 
32120010 
32130000 
32130001 
32130010 
32130020 
32130021 
32130030 
32130031 
32140000 
32140010 
32140020 
32140021 
32140030 
32140031 
32150000 
32150010 
32150020 
32150021 
32150030 
32150031 
32160000 
32160010 
32160020 
32160021 
32160030 
32160031 
32170000 
32170010 
32170011 
32180000 
32180001 
32180010 
32180011 
32180020 
32180021 
32180030 
32180031 
32190000 
32190010 
32190011 
32190012 
32190013 
32190014 
32200000 
32200001 
32210000 
32220000 
32220001 
32230000 
32230010 
32230011 
32230012 
32230013 
32230014 
32230050 
32240000 
32250000 
32250001 
32260000 
32261000 
32300000 
32300001 
32300005 
32300010 
32310000 
32310001 
32310002 
32310003 
32310004 
32310005 
32310006 
32310007 
32310008 
32310009 
32310010 
32310011 
32310020 
32310021 
32310040 
32310041 
32310042 
32310050 
32310051 
32310060 
32310061 
33010000 
33010001 
33010010 
33020000 
33020001 
33020010 
33030000 
33030001 
33030010 
33040000 
33040001 
33040002 
33040010 
33040020 
33040021 
33050000 
33050001 
33050002 
33050003 
33050004 
33050010 
33050011 
33050020 
33050021 
33050030 
33050031 
33050040 
33060000 
33060001 
33060002 
33060003 
33060004 
33060010 
33060011 
33060020 
33060021 
33060030 
33060031 
33060040 
33070000 
33070001 
33070002 
33070003 
33070004 
33070010 
33070011 
33070020 
33070021 
33070030 
33070031 
33070040 
33070050 
33080000 
33080010 
33090000 
33090010 
33100000 
33100001 
33100010 
33110000 
33110010 
33110011 
33120000 
33120010 
33120011 
33130000 
33130010 
33130011 
33140000 
33140001 
33140010 
33140011 
33150000 
33150001 
33150010 
33150011 
33160000 
33160001 
33160002 
33160010 
33160020 
33160021 
33170000 
33171000 
33180000 
33180010 
33190000 
33190010 
33200000 
33210000 
33210005 
33210010 
33210020 
33210021 
33210022 
33300000 
33300001 
33300010 
33300020 
33300021 
33300030 
33300031 
33300040 
33300041 
33300050 
33300051 
33300060 
33300061 
33300070 
33300071 
33300080 
33300081 
33300090 
33310000 
33310010 
33310020 
33310030 
33310031 
33311000 
33311010 
33311020 
33311030 
33311031 
33320000 
33320001 
33320002 
33320003 
33320004 
33320010 
33320011 
33320020 
33320021 
33320030 
33320031 
33320040 
33320050 
33320051 
34010000 
34020000 
34020001 
34030000 
34030010 
34030011 
34040000 
34040010 
34040060 
34050000 
34050001 
34050010 
34050011 
34050012 
34060000 
34061000 
34070000 
34070010 
34070011 
34070012 
34070013 
34070014 
34080000 
34090000 
34100000 
34100010 
34300000 
34300010 
34300020 
34300021 
34300022 
34300030 
34300031 
34310000 
34310010 
34310011 
35010000 
35010001 
35010002 
35010011 
35010012 
35010020 
35010021 
35010030 
35010031 
35010040 
35010050 
35020000 
35020010 
35020011 
35020012 
35030000 
35030001 
35030002 
35030003 
35030004 
35040000 
35040001 
35040002 
35040003 
35040004 
35050000 
35050001 
35050002 
35050003 
35050004 
35060000 
35060001 
35060002 
35060003 
35060004 
35060010 
35060011 
35060012 
35060013 
35060014 
35070000 
35070001 
35070002 
35070003 
35070004 
35071000 
35071001 
35071002 
35071003 
35071004 
35071010 
35080000 
35080001 
35080002 
35080010 
35080011 
35080012 
35080020 
35080021 
35080022 
35080030 
35080031 
35080032 
35080040 
35080041 
35080042 
35090000 
35090010 
35090011 
35090012 
35090013 
35090014 
35300000 
35300010 
35300011 
35300012 
35300013 
35300014 
35310000 
35310010 
35310011 
35310020 
35310021 
35310030 
35310040 
35310100 
35310200 
35310300 
35310400 
40000010 
40000011 
40000015 
40000016 
40000020 
40000021 
40000025 
40000026 
40000030 
40000031 
40000040 
40000041 
40000042 
40000043 
40000110 
40000111 
40000115 
40000116 
40000120 
40000121 
40000125 
40000126 
40000130 
40000131 
40000140 
40000141 
40000142 
40000143 
40000210 
40000211 
40000215 
40000216 
40000220 
40000221 
40000225 
40000226 
40000230 
40000231 
40000240 
40000241 
40000242 
40000243 
40000310 
40000311 
40000315 
40000316 
40000320 
40000321 
40000325 
40000326 
40000330 
40000331 
40000340 
40000341 
40000342 
40000343 
40000410 
40000411 
40000415 
40000416 
40000420 
40000421 
40000425 
40000426 
40000430 
40000431 
40000440 
40000441 
40000442 
40000443 
40000510 
40000511 
40000515 
40000516 
40000520 
40000521 
40000525 
40000526 
40000530 
40000531 
40000540 
40000541 
40000542 
40000543 
40000610 
40000611 
40000615 
40000616 
40000620 
40000621 
40000625 
40000626 
40000630 
40000631 
40000640 
40000641 
40000642 
40000643 
40480000 
40480010 
40530000 
40530010 
50000000 
50000010 
51000000 
51010000 
51010001 
51010002 
51020000 
51040000 
60405000 
60405001 
60405010 
60405011 
60405020 
60405030 
60406000 
60406001 
60406010 
60406011 
60430000 
60470000 
60480000 
60490000 
60500000 
60530000 
60530010 
60531000 
60531010 
60540000 
60550000 
60550010 
60550011 
60560000 
60560010 
60560011 
60570000 
60570010 
60570011 
60575000 
60575010 
60575011 
60580000 
60580010 
60580011 
60590000 
60595000 
60595010 
60600000 
60610000 
60610010 
60610011 
60620000 
60620010 
60620011 
60760020 
60760030 
60770020 
60770030 
60780020 
60780030 
60790020 
60790030 
60800020 
60800030 
60810020 
60810030 
60820020 
60820030 
60830020 
60830030 
60850020 
60850030 
60870020 
60870030 
60880020 
60880030 
60900020 
60900030 
60910000 
60910010 
60910020 
60910030 
60910040 
60910050 
60910060 
60910070 
60920000 
60920010 
60920020 
60920030 
60920040 
60920050 
60920060 
60920070 
60930000 
60930010 
60930020 
60930030 
60930040 
60930050 
60930060 
60930070 
60940000 
60940010 
60940020 
60940030 
60940040 
60940050 
60940060 
60940070 
60950000 
60950010 
60950020 
60950030 
60950040 
60950050 
60950060 
60950070 
60960000 
60960010 
60960020 
60960030 
60960040 
60960050 
60960060 
60960070 
62100010 
