101010 
101020 
101030 
101040 
101050 
101060 
101070 
101410 
101420 
101430 
101440 
101450 
101460 
101470 
101480 
101510 
101520 
101610 
101620 
101630 
101640 
101650 
101660 
101670 
101710 
101720 
101730 
101810 
101910 
101920 
101930 
101940 
101950 
101960 
101970 
102310 
102320 
102330 
102340 
102350 
102510 
102520 
102530 
102710 
102720 
103110 
103120 
103130 
103140 
103210 
103320 
103410 
201000 
201110 
201120 
201130 
202110 
202120 
202130 
202140 
202150 
202160 
202170 
202410 
202420 
400310 
400320 
400330 
503510 
503520 
503530 
503540 
503550 
503560 
503570 
503580 
503610 
503615 
503620 
503625 
503630 
503635 
503640 
503645 
503650 
503655 
503710 
503720 
503730 
503740 
503750 
503760 
503770 
503780 
503790 
503795 
503796 
