0 
10 
100100 
100200 
100300 
100400 
100500 
100600 
100700 
100800 
100900 
101000 
101100 
101200 
101300 
101350 
101400 
101500 
101600 
101700 
101800 
101900 
102000 
102100 
102200 
102300 
102400 
102500 
102600 
102700 
102800 
200100 
200200 
200300 
200400 
200500 
200600 
200700 
200800 
200900 
201000 
201100 
201200 
201300 
201350 
201400 
201500 
201600 
201700 
201800 
201900 
202000 
202100 
202200 
202300 
202400 
202500 
202600 
202700 
202800 
300100 
300200 
300300 
300400 
300500 
300600 
300700 
300800 
300900 
301000 
301100 
301200 
301300 
301350 
301400 
301500 
301600 
301700 
301800 
301900 
302000 
302100 
302200 
302300 
302400 
302500 
302600 
302700 
302800 
400100 
400200 
400300 
400400 
400500 
400600 
400700 
400800 
400900 
401000 
401100 
401200 
401300 
401350 
401400 
401500 
401600 
401700 
401800 
401900 
402000 
402100 
402200 
402300 
402400 
402500 
402600 
402700 
402800 
500100 
500200 
500300 
500400 
500500 
500600 
500700 
500800 
500900 
501000 
501100 
501200 
501300 
501350 
501400 
501500 
501600 
501700 
501800 
501900 
502000 
502100 
502200 
502300 
502400 
502500 
502600 
502700 
502800 
2008000 
2008001 
2008002 
2008003 
2108000 
2108001 
2108002 
2108003 
2208004 
2208005 
2208006 
2208007 
2308008 
2308009 
2308010 
2308011 
2408012 
2408013 
2408014 
2408015 
2508016 
2508017 
2508018 
2508019 
3008000 
3008001 
3008002 
3008003 
3108000 
3108001 
3108002 
3108003 
3208004 
3208005 
3208006 
3208007 
3308008 
3308009 
3308010 
3308011 
3408012 
3408013 
3408014 
3408015 
3508016 
3508017 
3508018 
3508019 
4008000 
4008001 
4008002 
4008003 
4108000 
4108001 
4108002 
4108003 
4208004 
4208005 
4208006 
4208007 
4308008 
4308009 
4308010 
4308011 
4408012 
4408013 
4408014 
4408015 
4508016 
4508017 
4508018 
4508019 
5008000 
5008001 
5008002 
5008003 
5108000 
5108001 
5108002 
5108003 
5208004 
5208005 
5208006 
5208007 
5308008 
5308009 
5308010 
5308011 
5408012 
5408013 
5408014 
5408015 
5508016 
5508017 
5508018 
5508019 
6008000 
6008001 
6008002 
6008003 
6108000 
6108001 
6108002 
6108003 
6208004 
6208005 
6208006 
6208007 
6308008 
6308009 
6308010 
6308011 
6408012 
6408013 
6408014 
6408015 
6508016 
6508017 
6508018 
6508019 
10000000 
10000100 
10000200 
10000300 
10000400 
10000500 
10000600 
10000700 
10000800 
10000900 
10001000 
10001100 
10001200 
10001300 
10001400 
10001500 
10001600 
10001700 
10001800 
10001900 
10002000 
10002100 
10002200 
10002300 
10002400 
10002500 
10002600 
10002700 
10002800 
10002900 
10003000 
10003100 
10003200 
10003300 
10003400 
10003500 
10003600 
10003700 
10003800 
10003900 
10004000 
10004100 
10004800 
10004900 
10005000 
10005100 
10005110 
10005150 
10005200 
10005300 
10005400 
10005500 
10005600 
10005700 
10005800 
10006000 
10006100 
10006200 
10006300 
10006400 
20000000 
20000100 
20000200 
20000300 
20000400 
20000500 
20000600 
20000700 
20000800 
20000900 
20001000 
20001100 
20001200 
20001300 
20001400 
20001500 
20001600 
20001700 
20001800 
20001900 
20002000 
20002100 
20002200 
20002300 
20002400 
20002500 
20002600 
20002700 
20002800 
20002900 
20003000 
20003100 
20003200 
20003300 
20003400 
20003500 
20003600 
20003700 
20003800 
20003900 
20004000 
20004100 
20004200 
20004300 
20004400 
20004500 
20004600 
20004700 
20004800 
20005000 
20005100 
20005200 
20005300 
20005400 
20005500 
20005600 
20020000 
20020100 
30000000 
30000100 
30000200 
30000300 
30000400 
30000500 
30000600 
30000700 
30000800 
30000900 
30001000 
30001100 
30001200 
30001300 
30001400 
30001500 
30001600 
30001700 
30001800 
30001900 
30002000 
30002100 
30002200 
30002300 
30002400 
30002500 
30002600 
30002700 
30002800 
30002900 
30003000 
30003100 
30003200 
30003300 
30003400 
30003500 
30003600 
30003700 
30003800 
30003900 
30004000 
30004100 
30004200 
30004300 
30004400 
30004500 
30004600 
30004700 
30004800 
30004900 
30005000 
30005100 
30005200 
30005300 
30005400 
30005500 
30005600 
30005700 
30005800 
30005900 
30006000 
30006100 
30006200 
30006300 
30006400 
30006500 
30006600 
30006700 
30006800 
30006900 
30007000 
30007100 
30007200 
30007300 
30007400 
30007500 
30007600 
30007700 
30007800 
30007900 
30008000 
30008100 
30008200 
30008300 
30008400 
30008500 
30008600 
30008700 
30008800 
30008900 
30009000 
30009100 
30009200 
30009300 
30009400 
30009500 
30009600 
30009700 
30009800 
30009900 
30010000 
30010100 
30010200 
30010300 
30010400 
30010500 
30010600 
30010700 
30010800 
30010900 
30011000 
30011100 
30011200 
30011300 
30011400 
30011500 
30011600 
30011700 
30011800 
30011900 
30012000 
30012100 
30012200 
30012300 
30012400 
30012500 
30012600 
30012700 
30012800 
30012900 
30013000 
30013100 
30013200 
30013300 
30013400 
30013500 
30013600 
30013700 
30013800 
30013900 
30014000 
30014100 
30014200 
30014300 
30014400 
30014500 
30014600 
30014700 
30014800 
30014900 
30015000 
30015100 
30016000 
30016100 
30016200 
30016300 
30016400 
30016500 
30016600 
30016700 
30016800 
30016900 
30017000 
30017100 
30017200 
30017300 
30017400 
30017500 
30017600 
30017700 
30017800 
30017900 
30018000 
30018100 
30018200 
30018300 
30018400 
30018500 
30018600 
30018700 
30018800 
30018900 
30019000 
30019100 
30019200 
30019300 
30019400 
30019500 
30019600 
30019700 
30019800 
30019900 
30050000 
30050100 
30050200 
30050300 
40000000 
40000100 
40000200 
40000300 
