10 
100 
40010000 
40010001 
40010002 
40010003 
40020000 
40020001 
40020002 
40030000 
40030001 
40030002 
40040000 
40040001 
40040002 
40050000 
40050001 
40050002 
40060000 
40060001 
40060002 
40060003 
40070000 
40070001 
40070002 
40070003 
40080000 
40080001 
40080002 
40080003 
40090000 
40090001 
40090002 
40090003 
40100000 
40100001 
40110000 
40110001 
40120000 
40120001 
40120002 
40130000 
40135000 
40140000 
40140001 
40150000 
40150001 
40160000 
40160001 
40160002 
40210000 
40220000 
40230000 
40260000 
40280000 
40290000 
40290001 
40290002 
40295000 
40300000 
40310000 
40320000 
40320001 
40320002 
40330000 
40330001 
40330002 
40340000 
40340001 
40340002 
40350000 
40350001 
40350002 
40360000 
40360001 
40360002 
40370000 
40370001 
40370002 
40390000 
40390001 
40390002 
40400000 
40410000 
40420000 
40430000 
40440000 
40450000 
40460000 
40470000 
40480000 
40500000 
40510000 
40520000 
40530000 
40530001 
40530002 
40540000 
40550000 
40560000 
40570000 
40610000 
40620000 
40700000 
40710000 
40720000 
40730000 
40740000 
40750000 
40760000 
40770000 
40780000 
41000000 
41010000 
41020000 
41030000 
41040000 
41050000 
41060000 
41070000 
41090000 
41100000 
41110000 
41120000 
41130000 
41140000 
41150000 
41160000 
42000000 
