1 
30700000 
30700001 
30700002 
30700003 
30700100 
30700300 
30700600 
30700601 
30700602 
50600300 
50600301 
50600302 
50600303 
50600401 
50600600 
50600601 
50600602 
50600603 
70400000 
70400001 
70400002 
70400003 
70400004 
70400005 
70400006 
70400007 
70400200 
70400201 
70400202 
70400203 
70400204 
70400205 
70400206 
70400207 
70400500 
70400501 
70400600 
70400601 
70400602 
70400603 
70400604 
70400605 
72110000 
72110001 
72110002 
72110003 
72110004 
72110005 
72110006 
72110007 
72110008 
72110100 
72110101 
72110102 
72110103 
72110104 
72110105 
72110300 
72110301 
72110302 
72110303 
72110400 
72110600 
72110601 
72110602 
72110603 
72110604 
72110605 
72110606 
72110607 
72500300 
72500301 
72500302 
72500303 
72500304 
72500600 
72500601 
72600400 
72600401 
72600402 
72600600 
72600601 
72600602 
72600603 
72600604 
72600605 
72600606 
72600607 
75400000 
75400001 
75400002 
75400003 
75400004 
75400005 
75400006 
75400007 
75400100 
75400101 
75400200 
75400201 
75400202 
75400203 
75400204 
75400205 
75400206 
75400207 
75400208 
75400209 
75400210 
75400211 
75400212 
75400213 
75400214 
75400215 
75400216 
75400217 
75400218 
75400219 
75400220 
75400221 
75400222 
75400223 
75400224 
75400225 
75400226 
75400227 
75400228 
75400229 
75400230 
75400231 
75400232 
75400233 
75400234 
75400235 
75400236 
75400237 
75400238 
75400239 
75400240 
75400300 
75400301 
75400500 
75400600 
75400601 
75400602 
75400603 
75400604 
75400605 
75400606 
75400607 
75400608 
75400609 
75400610 
75400611 
75400612 
75400613 
75400614 
75400615 
75600600 
75600601 
75600602 
75600603 
75600604 
76100000 
76100001 
76100002 
76100200 
76100201 
76100202 
76100203 
76100204 
76100205 
76100206 
76100207 
76100208 
76100209 
76100210 
76100211 
76100212 
76100213 
76100214 
76100215 
76100216 
76100217 
76100218 
76100219 
76100220 
76100221 
76100222 
76100223 
76100224 
76100225 
76100226 
76100227 
76100228 
76100229 
76100230 
76100235 
76100236 
76100237 
76100238 
76100239 
76100240 
76100241 
76100242 
76100243 
76100244 
76100245 
76100246 
76100247 
76100248 
76100249 
76100250 
76100251 
76100252 
76100253 
76100254 
76100255 
76100256 
76100257 
76100258 
76100259 
76100260 
76100261 
76100262 
76100263 
76100264 
76100265 
76100266 
76200300 
76200301 
76200600 
76200601 
76200602 
76200603 
76200604 
76200605 
76200606 
76200607 
76200608 
76200609 
76200610 
76200611 
76200612 
76200613 
76200614 
76200615 
76200616 
76200617 
76200618 
76300300 
76300301 
76300302 
76300303 
76300304 
76300305 
76300400 
76300401 
76300402 
76300600 
76300601 
76300602 
76300603 
76400000 
76400001 
76400002 
76400003 
76400004 
76400005 
76400006 
76400007 
76400600 
76400601 
76400602 
76400603 
76400604 
76400605 
76430000 
76430001 
76430002 
76430003 
76430004 
76430005 
76430006 
76430007 
76430008 
76430009 
76430010 
76430011 
76430012 
76430013 
76430100 
76430102 
76430600 
76430601 
76430602 
76430603 
76430604 
76430605 
76430606 
76600000 
76600300 
76600301 
76600302 
76600303 
76600304 
76600305 
76600306 
76600307 
76600308 
76600309 
76600310 
76600311 
76600312 
76600313 
76600314 
76600315 
76600400 
76600401 
76600600 
76600601 
76600602 
76800000 
76800001 
76800200 
76800201 
76800202 
76800203 
76800300 
76800301 
76800302 
76800303 
76800304 
76800305 
76800306 
76800307 
76800308 
76800309 
76800310 
76800311 
76800312 
76800400 
76800401 
76800402 
76800600 
76801000 
76801001 
76801002 
76801003 
76801004 
76801005 
76801006 
76801007 
76801008 
76801009 
76801010 
76801011 
76801012 
76801013 
76801014 
76801015 
76801016 
76801017 
76801100 
76801101 
76801102 
76801103 
76801104 
76801105 
76801106 
76801107 
76801108 
76801109 
76801110 
76801111 
76801200 
76801201 
76801202 
76801203 
76801204 
76801205 
76801206 
76801207 
76801208 
76801209 
76801210 
76801211 
76801212 
76801213 
76801214 
76801215 
76801216 
76801217 
76801300 
76801301 
76801302 
76801303 
76801304 
76801305 
76801306 
76900000 
76900300 
76900301 
76900302 
76900303 
76900304 
76900305 
76900306 
76900307 
76900308 
76900309 
76900310 
76900311 
76900312 
76900313 
76900314 
76900315 
76900316 
76900317 
76900318 
76900319 
76900400 
77000000 
77000001 
77000002 
77000100 
77000300 
77000301 
77000302 
77000303 
77000304 
77000305 
77000306 
77000400 
77000600 
77100200 
77100201 
77100202 
77100203 
77100204 
77100205 
77100206 
77100207 
77100300 
77100301 
77100400 
77100500 
77100600 
77100601 
77100602 
77100603 
77100604 
77200200 
77200201 
77200202 
77200203 
77200204 
77200205 
77200206 
77200207 
77200208 
77200209 
77200210 
77200211 
77200212 
77200213 
77200214 
77200215 
77200216 
77200217 
77200218 
77200219 
77200300 
77200301 
77200302 
77200303 
77200304 
77200305 
77200306 
77200400 
77200500 
77200501 
77200502 
77200503 
77200600 
77200601 
77200602 
77200603 
77200604 
77200605 
77200606 
77600000 
77600001 
77600002 
77600003 
77600004 
77600300 
77600301 
77600302 
77600600 
77600601 
77600602 
77600603 
77600604 
77600605 
77600606 
77601000 
77601001 
77601002 
77601003 
77601004 
77601005 
77601006 
77601007 
77601008 
77601009 
77601010 
77601011 
77601012 
77601013 
77601014 
77601015 
77601016 
77601017 
77601018 
77601019 
77601020 
77601021 
77601022 
77601023 
77601024 
77601025 
77601026 
77601027 
77601028 
77601029 
77601030 
77601031 
77601032 
77601033 
77601034 
77601035 
77601036 
77601037 
77601038 
77601100 
77601101 
77601102 
77601103 
77601104 
77601105 
77601106 
77601107 
77601108 
77601109 
77601110 
77601111 
77601112 
77601113 
77601114 
77601115 
77601116 
77601117 
77601118 
77601119 
77601120 
77601121 
77601122 
77602000 
77602001 
77602002 
77602003 
77602004 
77602005 
77602006 
77602007 
77602008 
77602009 
77602010 
77602011 
77602012 
77602013 
77602014 
77602015 
77602016 
77602017 
77602018 
77602019 
77602020 
77602021 
77602022 
77602023 
77602024 
77602025 
77602026 
77602027 
77602028 
77602029 
77602030 
77602031 
77602032 
77602033 
77602034 
77602035 
77602036 
77602037 
77602038 
77602100 
77602101 
77602102 
77602103 
77602104 
77602105 
77602106 
77602107 
77602108 
77602109 
77602110 
77602111 
77602112 
77602113 
77602114 
77602115 
77602116 
77602117 
77602118 
77602119 
77602120 
77602121 
77602122 
77700200 
77700400 
77700401 
77700402 
77700403 
77700404 
77700600 
77700601 
77700602 
77700603 
77700604 
77700605 
77700606 
77700607 
78300000 
78300001 
78300002 
78300200 
78300201 
78300202 
78300203 
78300204 
78300205 
78300206 
78300207 
78300300 
78300301 
78300302 
78300400 
78300600 
78300601 
78300602 
78300603 
78300604 
78400200 
78400201 
78400202 
78400203 
78400204 
78400300 
78400301 
78400302 
78400303 
78400304 
78400305 
78400306 
78400307 
78400308 
78400309 
78400310 
78400311 
78400312 
78400313 
78400314 
78400315 
78400400 
78400401 
78400402 
78400600 
78500000 
78500001 
78500300 
78500301 
78500600 
78500601 
78500602 
78500603 
