200 
202 
290 
300 
301 
302 
303 
305 
306 
307 
311 
312 
314 
2000 
2001 
2002 
2003 
2004 
2010 
2012 
2013 
2015 
2030 
2040 
2050 
2060 
2090 
2100 
2120 
2200 
2230 
2240 
2241 
2242 
2243 
2244 
2245 
2250 
2260 
2270 
2280 
2310 
2313 
2315 
2320 
2420 
2430 
2440 
2445 
2450 
2460 
2470 
2480 
2490 
2500 
2510 
2520 
2530 
2540 
2550 
2560 
2590 
2601 
2610 
2611 
2612 
2613 
2620 
2630 
2640 
2660 
2670 
2680 
2700 
2720 
2730 
2740 
2750 
2993 
2995 
2996 
2997 
3001 
3015 
3016 
3030 
21050 
32000 
32010 
42000 
42020 
42030 
101010 
102000 
102010 
102030 
102040 
102050 
102060 
102070 
102080 
102100 
102110 
102120 
102130 
102160 
102171 
102180 
102270 
102280 
102340 
102360 
109000 
109130 
109140 
140300 
140302 
140400 
141000 
141160 
142000 
142010 
142020 
142050 
142080 
142090 
142120 
142121 
150300 
152000 
152002 
152003 
152020 
152030 
152040 
152050 
159001 
159008 
159009 
159110 
161210 
161230 
161300 
161303 
161304 
161305 
161400 
162001 
162004 
162010 
169020 
172001 
172002 
172011 
172020 
172021 
172030 
172040 
172050 
179130 
179140 
179150 
181303 
182010 
182020 
182030 
182060 
182061 
182070 
182090 
191090 
211040 
212000 
219035 
219080 
232000 
249000 
249001 
249002 
250200 
251000 
251010 
252001 
252010 
252011 
252012 
252013 
252015 
252020 
252021 
252022 
252023 
252061 
252062 
252063 
252064 
252120 
252121 
253003 
253004 
311030 
311040 
321010 
321020 
329030 
329031 
332000 
352010 
352012 
352020 
352050 
352051 
353005 
353006 
354000 
354001 
354003 
362000 
362001 
362002 
362100 
362244 
372000 
372010 
372050 
372051 
