1 
10 
20 
31010000 
31020000 
31030000 
31040000 
31050000 
31060000 
31070000 
31080000 
31090000 
31100000 
31110000 
31120000 
31130000 
31140000 
31150000 
31160000 
31170000 
31180000 
31190000 
31200000 
31210000 
31220000 
31230000 
31240000 
31250000 
31260000 
31270000 
31280000 
31290000 
31300000 
31310000 
32010000 
32020000 
32030000 
32040000 
32050000 
32060000 
32070000 
32080000 
32090000 
32100000 
32110000 
32120000 
32130000 
32140000 
32150000 
32160000 
32170000 
32180000 
32190000 
32200000 
32210000 
32220000 
32230000 
32240000 
32250000 
32260000 
32300000 
32310000 
33010000 
33020000 
33030000 
33040000 
33050000 
33060000 
33070000 
33080000 
33090000 
33100000 
33110000 
33120000 
33130000 
33140000 
33150000 
33160000 
33170000 
33180000 
33190000 
33200000 
33210000 
33300000 
33310000 
33320000 
34010000 
34020000 
34030000 
34040000 
34050000 
34060000 
34070000 
34080000 
34090000 
34100000 
34300000 
34310000 
35010000 
35020000 
35030000 
35040000 
35050000 
35060000 
35070000 
35080000 
35090000 
35300000 
35310000 
71010000 
71020000 
71030000 
71040000 
71050000 
71060000 
71090000 
71100000 
71110000 
71120000 
71130000 
71140000 
71150000 
71160000 
71170000 
71180000 
71190000 
71200000 
71210000 
71220000 
71230000 
71240000 
71250000 
71260000 
71270000 
71280000 
71290000 
71300000 
71310000 
72010000 
72020000 
72030000 
72040000 
72050000 
72060000 
72070000 
72080000 
72090000 
72100000 
72110000 
72120000 
72130000 
72130001 
72140000 
72150000 
72160000 
72160001 
72170000 
72180000 
72180001 
72190000 
72200000 
72210000 
72220000 
72230000 
72230010 
72240000 
72250000 
72260000 
72300000 
72310000 
73010000 
73020000 
73030000 
73040000 
73050000 
73060000 
73070000 
73080000 
73090000 
73100000 
73110000 
73120000 
73130000 
73140000 
73150000 
73150001 
73160000 
73170000 
73180000 
73190000 
73200000 
73210000 
73300000 
73310000 
73320000 
74010000 
74010001 
74020000 
74020001 
74030000 
74040000 
74050000 
74060000 
74070000 
74080000 
74100000 
74300000 
74310000 
75010000 
75020000 
75030000 
75040000 
75050000 
75060000 
75070000 
75080000 
75090000 
75300000 
75310000 
