0 
1 
2 
3 
4 
200001010 
200001011 
200001020 
200001021 
200001030 
200001031 
200001110 
200001111 
200001120 
200001121 
200001130 
200001131 
200001210 
200001211 
200001220 
200001221 
200001230 
200001231 
200001310 
200001311 
200001320 
200001321 
200001330 
200001331 
200003010 
200003011 
200003020 
200003021 
200003030 
200003031 
200003110 
200003111 
200003120 
200003121 
200003130 
200003131 
200004010 
200004011 
200005010 
200005011 
200005020 
200005021 
200005030 
200005031 
200005110 
200005111 
200005120 
200005121 
200005130 
200005131 
200005210 
200005211 
200005220 
200005221 
200005230 
200005231 
200006010 
200007010 
200008010 
200008110 
200009010 
200009020 
200009030 
200010010 
200010011 
200010020 
200010021 
200010030 
200010031 
200011010 
200011020 
200011030 
200012010 
200013010 
200013020 
200013030 
200014010 
200014020 
200014030 
200014040 
200014050 
200014051 
200014060 
200015010 
200016010 
200016020 
200016030 
200017010 
200017011 
200017110 
200017111 
200017210 
200017211 
200018010 
200018020 
200018030 
210030010 
210100010 
210100011 
210100014 
210100015 
210100020 
210100024 
210100025 
210100030 
210100100 
210100110 
210100120 
210100130 
210100140 
210100150 
210140010 
210140011 
210140012 
210140040 
210150010 
210150110 
210150111 
210150112 
210160010 
210170110 
210170111 
210170210 
210170310 
210170311 
210170410 
210170420 
210170430 
210170440 
210170450 
210190010 
210190011 
210190110 
210190210 
210190310 
210190410 
210190411 
210190412 
210190510 
210210010 
210210011 
210210110 
210210210 
210210211 
210250010 
210250110 
210250210 
210270010 
210270020 
210270030 
210270110 
210270120 
210270130 
210270140 
210330100 
210330200 
210330310 
210330311 
210330312 
210330320 
210330321 
210330322 
220100000 
220100001 
220100060 
220100070 
220100400 
220100410 
220100500 
220100600 
220100700 
290000010 
290000110 
290000111 
290000120 
290000121 
290000130 
290000131 
290000135 
290000140 
290001010 
290001020 
301104000 
301104010 
301104020 
301104030 
301104040 
310000000 
310010000 
310010001 
310010002 
310010003 
310010004 
310010005 
310010006 
310010007 
310010008 
310010009 
310010010 
310010011 
310010012 
310010013 
310010014 
310010015 
310020000 
310030000 
310030001 
310040000 
310040001 
310050000 
310060000 
310060001 
310070000 
310070010 
310070030 
310080000 
310080001 
310080004 
310080005 
310080006 
310080007 
310080008 
320010000 
320020000 
320030000 
320040000 
320040010 
320040020 
320050000 
320050100 
320050200 
320060000 
320060001 
320070000 
320080000 
320080001 
320080002 
320080003 
320080004 
320080010 
320080011 
320080020 
320080021 
320080030 
320080031 
320080040 
320090000 
330000000 
330010000 
330010001 
330020000 
330030000 
330030001 
330040000 
340000000 
340000100 
340000200 
340000300 
