200001010 
200001011 
200001012 
200001020 
200001021 
200001022 
200001030 
200001031 
200001032 
200001110 
200001111 
200001112 
200001120 
200001121 
200001122 
200001130 
200001131 
200001132 
200001210 
200001211 
200001220 
200001221 
200001230 
200001231 
200001310 
200001311 
200001320 
200001321 
200001330 
200001331 
200003010 
200003011 
200003020 
200003021 
200003030 
200003031 
200003110 
200003111 
200003120 
200003121 
200003130 
200003131 
200004010 
200004011 
200005010 
200005011 
200005012 
200005020 
200005021 
200005022 
200005030 
200005031 
200005032 
200005110 
200005111 
200005112 
200005120 
200005121 
200005122 
200005130 
200005131 
200005132 
200005210 
200005211 
200005212 
200005220 
200005221 
200005222 
200005230 
200005231 
200005232 
200006010 
200008010 
200008110 
200009010 
200009020 
200009030 
200010000 
200010010 
200010020 
200010030 
200011010 
200011020 
200011030 
200012010 
200013010 
200013020 
200013030 
200014020 
200015010 
200017010 
200017011 
200017110 
200017111 
200017210 
200017211 
200018010 
200018020 
200018030 
210030010 
210100010 
210100011 
210100012 
210100013 
210100014 
210100015 
210100020 
210100021 
210100022 
210100023 
210100024 
210100025 
210100026 
210100100 
210100101 
210100102 
210100110 
210100120 
210100130 
210100140 
210100150 
210140010 
210140011 
210140012 
210150110 
210150111 
210150112 
210170110 
210170111 
210170112 
210170210 
210170310 
210170311 
210170410 
210170411 
210170412 
210170420 
210170430 
210170440 
210170450 
210190010 
210190011 
210190110 
210190210 
210190310 
210190410 
210190411 
210190412 
210210010 
210210011 
210210110 
210210111 
210210210 
210210211 
210250010 
210250110 
210250210 
210330100 
210330101 
210330200 
210330201 
210330310 
210330311 
210330312 
210330320 
210330321 
210330322 
220100060 
220100070 
220100400 
220100410 
220100600 
220100700 
290000010 
290000011 
290000012 
290000110 
290000111 
290000120 
290000121 
290000130 
290000131 
290000135 
290000136 
290000137 
290000140 
290000141 
290000142 
290000143 
290001010 
290001011 
290001020 
290001021 
310000000 
310040000 
310040001 
310050000 
310060000 
310060001 
310070000 
310070010 
310070020 
310070030 
310080000 
310080001 
310080002 
310080003 
310080004 
310080005 
310080006 
310080007 
320010000 
320030000 
320040000 
320040010 
320040020 
320050000 
320050100 
320050200 
320060000 
320060001 
320070000 
320080000 
320080001 
320080002 
320080003 
320080004 
320080005 
320080010 
320080011 
320080020 
320080021 
320080030 
320080031 
320080040 
320090000 
330000000 
330010000 
330010001 
330020000 
330030000 
330040000 
340000000 
340000100 
340000200 
340000300 
