0 
1 
10 
11 
12 
1000000 
1000001 
1000002 
1000003 
1000004 
1000005 
1000006 
1000007 
1000008 
1000009 
1001000 
1001001 
1001002 
1001003 
1001004 
1001005 
1001006 
1001007 
1001008 
1001009 
1001010 
1001011 
1001012 
1001013 
1001014 
1001015 
1001016 
1001017 
1001018 
1001019 
1001020 
1001021 
1001022 
1001023 
1001024 
1001025 
1001026 
1001027 
1001028 
1001029 
1002000 
1002001 
1002002 
1002003 
1002004 
1002005 
1002006 
1002007 
1002008 
1002009 
1002010 
1002011 
1002012 
1002013 
1002014 
1002015 
1002016 
1002017 
1002018 
1002019 
1002020 
1002021 
1002022 
1002023 
1002024 
1002025 
1002026 
1002027 
1002028 
1002029 
1002030 
1002031 
1002032 
1002033 
1002034 
1002035 
1002036 
1002037 
1002038 
1002039 
1002040 
1002041 
1002042 
1002043 
1002044 
1002045 
1002046 
1002047 
1002048 
1002049 
1003000 
1003001 
1003002 
1003003 
1003004 
1003005 
1003006 
1003007 
1003008 
1003009 
1003010 
1003011 
1003012 
1003013 
1003014 
1003015 
1003016 
1003017 
1003018 
1003019 
1003020 
1003021 
1003022 
1003023 
1003024 
1003025 
1003026 
1003027 
1003028 
1003029 
1003030 
1003031 
1003032 
1003033 
1003034 
1003035 
1003036 
1003037 
1003038 
1003039 
1003050 
1003051 
1003052 
1003053 
1003054 
1003055 
1003056 
1003057 
1003058 
1003059 
1003090 
1003091 
1003092 
1003093 
1003094 
1003095 
1003096 
1003097 
1003098 
1003099 
1003100 
1003101 
1003102 
1003103 
1003104 
1003105 
1003106 
1003107 
1003108 
1003109 
1003110 
1003111 
1003112 
1003113 
1003114 
1003115 
1003116 
1003117 
1003118 
1003119 
1003120 
1003121 
1003122 
1003123 
1003124 
1003125 
1003126 
1003127 
1003128 
1003129 
1003130 
1003131 
1003132 
1003133 
1003134 
1003135 
1003136 
1003137 
1003138 
1003139 
1003140 
1003141 
1003142 
1003143 
1003144 
1003145 
1003146 
1003147 
1003148 
1003149 
1003150 
1003151 
1003152 
1003153 
1003154 
1003155 
1003156 
1003157 
1003158 
1003159 
1003160 
1003161 
1003162 
1003163 
1003164 
1003165 
1003166 
1003167 
1003168 
1003169 
1004000 
1004001 
1004002 
1004003 
1004004 
1004005 
1004006 
1004007 
1004008 
1004009 
1004010 
1004011 
1004012 
1004013 
1004014 
1004015 
1004016 
1004017 
1004018 
1004019 
1004020 
1004021 
1004022 
1004023 
1004024 
1004025 
1004026 
1004027 
1004028 
1004029 
1004030 
1004031 
1004032 
1004033 
1004034 
1004035 
1004036 
1004037 
1004038 
1004039 
1004040 
1004041 
1004042 
1004043 
1004044 
1004045 
1004046 
1004047 
1004048 
1004049 
1004050 
1004051 
1004052 
1004053 
1004054 
1004055 
1004056 
1004057 
1004058 
1004059 
1004060 
1004061 
1004062 
1004063 
1004064 
1004065 
1004066 
1004067 
1004068 
1004069 
1004070 
1004071 
1004072 
1004073 
1004074 
1004075 
1004076 
1004077 
1004078 
1004079 
1004080 
1004081 
1004082 
1004083 
1004084 
1004085 
1004086 
1004087 
1004088 
1004089 
1004090 
1004091 
1004092 
1004093 
1004094 
1004095 
1004096 
1004097 
1004098 
1004099 
1004100 
1004101 
1004102 
1004103 
1004104 
1004105 
1004106 
1004107 
1004108 
1004109 
1004110 
1004111 
1004112 
1004113 
1004114 
1004115 
1004116 
1004117 
1004118 
1004119 
1005000 
1005001 
1005002 
1005003 
1005004 
1005005 
1005006 
1005007 
1005008 
1005009 
1005010 
1005011 
1005012 
1005013 
1005014 
1005015 
1005016 
1005017 
1005018 
1005019 
1005020 
1005021 
1005022 
1005023 
1005024 
1005025 
1005026 
1005027 
1005028 
1005029 
1005030 
1005031 
1005032 
1005033 
1005034 
1005035 
1005036 
1005037 
1005038 
1005039 
1005040 
1005041 
1005042 
1005043 
1005044 
1005045 
1005046 
1005047 
1005048 
1005049 
1005050 
1005051 
1005052 
1005053 
1005054 
1005055 
1005056 
1005057 
1005058 
1005059 
1005060 
1005061 
1005062 
1005063 
1005064 
1005065 
1005066 
1005067 
1005068 
1005069 
1005070 
1005071 
1005072 
1005073 
1005074 
1005075 
1005076 
1005077 
1005078 
1005079 
1005080 
1005081 
1005082 
1005083 
1005084 
1005085 
1005086 
1005087 
1005088 
1005089 
1005090 
1005091 
1005092 
1005093 
1005094 
1005095 
1005096 
1005097 
1005098 
1005099 
1005100 
1005101 
1005102 
1005103 
1005104 
1005105 
1005106 
1005107 
1005108 
1005109 
1005110 
1005111 
1005112 
1005113 
1005114 
1005115 
1005116 
1005117 
1005118 
1005119 
1006000 
1006001 
1006002 
1006003 
1006004 
1006005 
1006006 
1006007 
1006008 
1006009 
1006010 
1006011 
1006012 
1006013 
1006014 
1006015 
1006016 
1006017 
1006018 
1006019 
1006020 
1006021 
1006022 
1006023 
1006024 
1006025 
1006026 
1006027 
1006028 
1006029 
1006030 
1006031 
1006032 
1006033 
1006034 
1006035 
1006036 
1006037 
1006038 
1006039 
1006040 
1006041 
1006042 
1006043 
1006044 
1006045 
1006046 
1006047 
1006048 
1006049 
1006050 
1006051 
1006052 
1006053 
1006054 
1006055 
1006056 
1006057 
1006058 
1006059 
1006060 
1006061 
1006062 
1006063 
1006064 
1006065 
1006066 
1006067 
1006068 
1006069 
1006070 
1006071 
1006072 
1006073 
1006074 
1006075 
1006076 
1006077 
1006078 
1006079 
1006080 
1006081 
1006082 
1006083 
1006084 
1006085 
1006086 
1006087 
1006088 
1006089 
1007000 
1007001 
1007002 
1007003 
1007004 
1007005 
1007006 
1007007 
1007008 
1007009 
1007010 
1007011 
1007012 
1007013 
1007014 
1007015 
1007016 
1007017 
1007018 
1007019 
1008000 
1008001 
1008002 
1008003 
1008004 
1008005 
1008006 
1008007 
1008008 
1008009 
1008010 
1008011 
1008012 
1008013 
1008014 
1008015 
1008016 
1008017 
1008018 
1008019 
1008020 
1008021 
1008022 
1008023 
1008024 
1008025 
1008026 
1008027 
1008028 
1008029 
1009000 
1009001 
1009002 
1009003 
1009004 
1009005 
1009006 
1009007 
1009008 
1009009 
1009010 
1009011 
1009012 
1009013 
1009014 
1009015 
1009016 
1009017 
1009018 
1009019 
1009020 
1009021 
1009022 
1009023 
1009024 
1009025 
1009026 
1009027 
1009028 
1009029 
1010000 
1010001 
1010002 
1010003 
1010004 
1010005 
1010006 
1010007 
1010008 
1010009 
1010010 
1010011 
1010012 
1010013 
1010014 
1010015 
1010016 
1010017 
1010018 
1010019 
1011000 
1011001 
1011002 
1011003 
1011004 
1011005 
1011006 
1011007 
1011008 
1011009 
1012000 
1012001 
1012002 
1012003 
1012004 
1012005 
1012006 
1012007 
1012008 
1012009 
1013000 
1013001 
1013002 
1013003 
1013004 
1013005 
1013006 
1013007 
1013008 
1013009 
1013010 
1013011 
1013012 
1013013 
1013014 
1013015 
1013016 
1013017 
1013018 
1013019 
1013020 
1013021 
1013022 
1013023 
1013024 
1013025 
1013026 
1013027 
1013028 
1013029 
1014000 
1014001 
1014002 
1014003 
1014004 
1014005 
1014006 
1014007 
1014008 
1014009 
1014010 
1014011 
1014012 
1014013 
1014014 
1014015 
1014016 
1014017 
1014018 
1014019 
1014020 
1014021 
1014022 
1014023 
1014024 
1014025 
1014026 
1014027 
1014028 
1014029 
1014030 
1014031 
1014032 
1014033 
1014034 
1014035 
1014036 
1014037 
1014038 
1014039 
1015000 
1015001 
1015002 
1015003 
1015004 
1015005 
1015006 
1015007 
1015008 
1015009 
1016000 
1016001 
1016002 
1016003 
1016004 
1016005 
1016006 
1016007 
1016008 
1016009 
1017000 
1017001 
1017002 
1017003 
1017004 
1017005 
1017006 
1017007 
1017008 
1017009 
1018000 
1018001 
1018002 
1018003 
1018004 
1018005 
1018006 
1018007 
1018008 
1018009 
1019000 
1019001 
1019002 
1019003 
1019004 
1019005 
1019006 
1019007 
1019008 
1019009 
1020000 
1020001 
1020002 
1020003 
1020004 
1020005 
1020006 
1020007 
1020008 
1020009 
1101000 
1101001 
1101002 
1101003 
1101004 
1101005 
1101006 
1101007 
1101008 
1101009 
1101020 
1101021 
1101022 
1101023 
1101024 
1101025 
1101026 
1101027 
1101028 
1101029 
1102000 
1102001 
1102002 
1102003 
1102004 
1102005 
1102006 
1102007 
1102008 
1102009 
1102020 
1102021 
1102022 
1102023 
1102024 
1102025 
1102026 
1102027 
1102028 
1102029 
1102040 
1102041 
1102042 
1102043 
1102044 
1102045 
1102046 
1102047 
1102048 
1102049 
1103000 
1103001 
1103002 
1103003 
1103004 
1103005 
1103006 
1103007 
1103008 
1103009 
1103030 
1103031 
1103032 
1103033 
1103034 
1103035 
1103036 
1103037 
1103038 
1103039 
1103050 
1103051 
1103052 
1103053 
1103054 
1103055 
1103056 
1103057 
1103058 
1103059 
1103090 
1103091 
1103092 
1103093 
1103094 
1103095 
1103096 
1103097 
1103098 
1103099 
1103100 
1103101 
1103102 
1103103 
1103104 
1103105 
1103106 
1103107 
1103108 
1103109 
1104000 
1104001 
1104002 
1104003 
1104004 
1104005 
1104006 
1104007 
1104008 
1104009 
1104020 
1104021 
1104022 
1104023 
1104024 
1104025 
1104026 
1104027 
1104028 
1104029 
1104030 
1104031 
1104032 
1104033 
1104034 
1104035 
1104036 
1104037 
1104038 
1104039 
1104050 
1104051 
1104052 
1104053 
1104054 
1104055 
1104056 
1104057 
1104058 
1104059 
1105030 
1105031 
1105032 
1105033 
1105034 
1105035 
1105036 
1105037 
1105038 
1105039 
1106010 
1106011 
1106012 
1106013 
1106014 
1106015 
1106016 
1106017 
1106018 
1106019 
1106020 
1106021 
1106022 
1106023 
1106024 
1106025 
1106026 
1106027 
1106028 
1106029 
1106030 
1106031 
1106032 
1106033 
1106034 
1106035 
1106036 
1106037 
1106038 
1106039 
1203050 
1203051 
1203052 
1203053 
1203054 
1203055 
1203056 
1203057 
1203058 
1203059 
1204040 
1204041 
1204042 
1204043 
1204044 
1204045 
1204046 
1204047 
1204048 
1204049 
2000000 
2000001 
2000002 
2000003 
2000004 
2000005 
2000006 
2000007 
2000008 
2000009 
2002030 
2002031 
2002032 
2002033 
2002034 
2002035 
2002036 
2002037 
2002038 
2002039 
2002040 
2002041 
2002042 
2002043 
2002044 
2002045 
2002046 
2002047 
2002048 
2002049 
2003000 
2003001 
2003002 
2003003 
2003004 
2003005 
2003006 
2003007 
2003008 
2003009 
2003020 
2003021 
2003022 
2003023 
2003024 
2003025 
2003026 
2003027 
2003028 
2003029 
2003030 
2003031 
2003032 
2003033 
2003034 
2003035 
2003036 
2003037 
2003038 
2003039 
2003050 
2003051 
2003052 
2003053 
2003054 
2003055 
2003056 
2003057 
2003058 
2003059 
2003090 
2003091 
2003092 
2003093 
2003094 
2003095 
2003096 
2003097 
2003098 
2003099 
2003100 
2003101 
2003102 
2003103 
2003104 
2003105 
2003106 
2003107 
2003108 
2003109 
2004000 
2004001 
2004002 
2004003 
2004004 
2004005 
2004006 
2004007 
2004008 
2004009 
2004020 
2004021 
2004022 
2004023 
2004024 
2004025 
2004026 
2004027 
2004028 
2004029 
2004030 
2004031 
2004032 
2004033 
2004034 
2004035 
2004036 
2004037 
2004038 
2004039 
2005000 
2005001 
2005002 
2005003 
2005004 
2005005 
2005006 
2005007 
2005008 
2005009 
2005030 
2005031 
2005032 
2005033 
2005034 
2005035 
2005036 
2005037 
2005038 
2005039 
2005040 
2005041 
2005042 
2005043 
2005044 
2005045 
2005046 
2005047 
2005048 
2005049 
2005060 
2005061 
2005062 
2005063 
2005064 
2005065 
2005066 
2005067 
2005068 
2005069 
2006020 
2006021 
2006022 
2006023 
2006024 
2006025 
2006026 
2006027 
2006028 
2006029 
2006040 
2006041 
2006042 
2006043 
2006044 
2006045 
2006046 
2006047 
2006048 
2006049 
2103050 
2103051 
2103052 
2103053 
2103054 
2103055 
2103056 
2103057 
2103058 
2103059 
2103090 
2103091 
2103092 
2103093 
2103094 
2103095 
2103096 
2103097 
2103098 
2103099 
2104000 
2104001 
2104002 
2104003 
2104004 
2104005 
2104006 
2104007 
2104008 
2104009 
2105030 
2105031 
2105032 
2105033 
2105034 
2105035 
2105036 
2105037 
2105038 
2105039 
2203050 
2203051 
2203052 
2203053 
2203054 
2203055 
2203056 
2203057 
2203058 
2203059 
2204040 
2204041 
2204042 
2204043 
2204044 
2204045 
2204046 
2204047 
2204048 
2204049 
3003000 
3003001 
3003002 
3003003 
3003004 
3003005 
3003006 
3003007 
3003008 
3003009 
3003050 
3003051 
3003052 
3003053 
3003054 
3003055 
3003056 
3003057 
3003058 
3003059 
3004000 
3004001 
3004002 
3004003 
3004004 
3004005 
3004006 
3004007 
3004008 
3004009 
3004030 
3004031 
3004032 
3004033 
3004034 
3004035 
3004036 
3004037 
3004038 
3004039 
11000000 
11002000 
11002001 
11002002 
11002003 
11002004 
11002005 
11002006 
11002007 
11002008 
11002009 
11004000 
11004001 
11004002 
11004003 
11004004 
11004005 
11004006 
11004007 
11004008 
11004009 
11005000 
11005001 
11005002 
11005003 
11005004 
11005005 
11005006 
11005007 
11005008 
11005009 
11006000 
11006001 
11006002 
11006003 
11006004 
11006005 
11006006 
11006007 
11006008 
11006009 
11007000 
11007001 
11007002 
11007003 
11007004 
11007005 
11007006 
11007007 
11007008 
11007009 
11008000 
11008001 
11008002 
11008003 
11008004 
11008005 
11008006 
11008007 
11008008 
11008009 
11009000 
11009001 
11009002 
11009003 
11009004 
11009005 
11009006 
11009007 
11009008 
11009009 
11010000 
11010001 
11010002 
11010003 
11010004 
11010005 
11010006 
11010007 
11010008 
11010009 
11011000 
11011001 
11011002 
11011003 
11011004 
11011005 
11011006 
11011007 
11011008 
11011009 
11012000 
11012001 
11012002 
11012003 
11012004 
11012005 
11012006 
11012007 
11012008 
11012009 
11013000 
11013001 
11013002 
11013003 
11013004 
11013005 
11013006 
11013007 
11013008 
11013009 
11014000 
11014001 
11014002 
11014003 
11014004 
11014005 
11014006 
11014007 
11014008 
11014009 
11015000 
11015001 
11015002 
11015003 
11015004 
11015005 
11015006 
11015007 
11015008 
11015009 
11016000 
11016001 
11016002 
11016003 
11016004 
11016005 
11016006 
11016007 
11016008 
11016009 
11017000 
11017001 
11017002 
11017003 
11017004 
11017005 
11017006 
11017007 
11017008 
11017009 
11018000 
11018001 
11018002 
11018003 
11018004 
11018005 
11018006 
11018007 
11018008 
11018009 
11019000 
11019001 
11019004 
11020000 
11020001 
11020002 
11020003 
11020004 
11020005 
11020006 
11020007 
11020008 
11020009 
11021000 
11021001 
11021002 
11021003 
11021004 
11021005 
11021006 
11021007 
11021008 
11021009 
11022000 
11022001 
11022002 
11022003 
11022004 
11022005 
11022006 
11022007 
11022008 
11022009 
11023000 
11023001 
11023002 
11023003 
11023004 
11023005 
11023006 
11023007 
11023008 
11023009 
11024000 
11024001 
11024002 
11024003 
11024004 
11024005 
11024006 
11024007 
11024008 
11024009 
11025000 
11025001 
11025002 
11025003 
11025004 
11025005 
11025006 
11025007 
11025008 
11025009 
11026000 
11026001 
11026002 
11026003 
11026004 
11026005 
11026006 
11026007 
11026008 
11026009 
11027000 
11027001 
11027002 
11027003 
11027004 
11027005 
11027006 
11027007 
11027008 
11027009 
11028000 
11028001 
11028002 
11028003 
11028004 
11028005 
11028006 
11028007 
11028008 
11028009 
11029000 
11029001 
11029002 
11029003 
11029004 
11029005 
11029006 
11029007 
11029008 
11029009 
11030000 
11030001 
11030002 
11030003 
11030004 
11030005 
11030006 
11030007 
11030008 
11030009 
11031000 
11031001 
11031002 
11031003 
11031004 
11031005 
11031006 
11031007 
11031008 
11031009 
11032000 
11032001 
11032002 
11032003 
11032004 
11032005 
11032006 
11032007 
11032008 
11032009 
11033000 
11033001 
11033002 
11033003 
11033004 
11033005 
11033006 
11033007 
11033008 
11033009 
11034000 
11034001 
11034002 
11034003 
11034004 
11034005 
11034006 
11034007 
11034008 
11034009 
11035000 
11035001 
11035002 
11035003 
11035004 
11035005 
11035006 
11035007 
11035008 
11035009 
11036000 
11036001 
11036002 
11036003 
11036004 
11036005 
11036006 
11036007 
11036008 
11036009 
11100000 
11100001 
11100002 
11100003 
11100004 
11100005 
11100006 
11100007 
11100008 
11100009 
11101000 
11101001 
11101002 
11101003 
11101004 
11101005 
11101006 
11101007 
11101008 
11101009 
11102000 
11102001 
11102002 
11102003 
11102004 
11102005 
11102006 
11102007 
11102008 
11102009 
11103000 
11103001 
11103002 
11103003 
11103004 
11103005 
11103006 
11103007 
11103008 
11103009 
11104000 
11104001 
11104002 
11104003 
11104004 
11104005 
11104006 
11104007 
11104008 
11104009 
11105000 
11105001 
11105002 
11105003 
11105004 
11105005 
11105006 
11105007 
11105008 
11105009 
11106000 
11106001 
11106002 
11106003 
11106004 
11106005 
11106006 
11106007 
11106008 
11106009 
11107000 
11107001 
11107002 
11107003 
11107004 
11107005 
11107006 
11107007 
11107008 
11107009 
11108000 
11108001 
11108002 
11108003 
11108004 
11108005 
11108006 
11108007 
11108008 
11108009 
11109000 
11109001 
11109002 
11109003 
11109004 
11109005 
11109006 
11109007 
11109008 
11109009 
11110000 
11110001 
11110002 
11110003 
11110004 
11110005 
11110006 
11110007 
11110008 
11110009 
11120000 
11120001 
11120002 
11120003 
11120004 
11120005 
11120006 
11120007 
11120008 
11120009 
11130000 
11130001 
11130002 
11130003 
11130004 
11130005 
11130006 
11130007 
11130008 
11130009 
11140000 
11140001 
11140002 
11140003 
11140004 
11140005 
11140006 
11140007 
11140008 
11140009 
11141000 
11141001 
11141002 
11141003 
11141004 
11141005 
11141006 
11141007 
11141008 
11141009 
11142000 
11142001 
11142002 
11142003 
11142004 
11142005 
11142006 
11142007 
11142008 
11142009 
11143000 
11143001 
11143002 
11143003 
11143004 
11143005 
11143006 
11143007 
11143008 
11143009 
11144000 
11144001 
11144002 
11144003 
11144004 
11144005 
11144006 
11144007 
11144008 
11144009 
11150000 
11150001 
11150002 
11150003 
11150004 
11150005 
11150006 
11150007 
11150008 
11150009 
11151000 
11151001 
11151002 
11151003 
11151004 
11151005 
11151006 
11151007 
11151008 
11151009 
11152000 
11152001 
11152002 
11152003 
11152004 
11152005 
11152006 
11152007 
11152008 
11152009 
11153000 
11153001 
11153002 
11153003 
11153004 
11153005 
11153006 
11153007 
11153008 
11153009 
11154000 
11154001 
11154002 
11154003 
11154004 
11154005 
11154006 
11154007 
11154008 
11154009 
