1 
2 
3 
10000000 
10000300 
10000400 
10000500 
10000510 
10000520 
10000800 
10001000 
10001100 
10001200 
10001300 
10001500 
10001600 
10001700 
10001710 
10001900 
10001910 
10002100 
10002110 
10002400 
10002500 
10002600 
10003110 
10003200 
10003300 
10003400 
10003600 
10003700 
10003710 
10003800 
10003810 
10003900 
10003910 
10004000 
10004001 
10004004 
10004006 
10004007 
10004009 
10004010 
10004011 
10004012 
10004013 
10004014 
10004015 
10004016 
10004017 
10004018 
10004020 
10004022 
10004025 
10004026 
10004027 
10004033 
10004034 
10004035 
10004037 
10004100 
10004200 
10004300 
10004310 
10004320 
10004330 
10004340 
10004350 
10004400 
10004500 
10004510 
10004520 
10004530 
10004540 
10004600 
10004700 
10004810 
10004820 
10004830 
10004840 
10004850 
10004860 
10004870 
10004900 
10005000 
10005010 
10005100 
10005200 
10005300 
10005400 
10005500 
10005600 
10005700 
10005710 
10005720 
10005730 
10005800 
10005900 
10005910 
10005920 
10005930 
10006000 
10006100 
10006110 
10006120 
10006130 
10006140 
10006200 
10006400 
10006500 
10006510 
10006600 
10007200 
10007210 
10007300 
10007310 
10007400 
10007410 
10007500 
10007600 
10007710 
10007711 
10007712 
10007713 
10007800 
10008000 
10008004 
10008005 
10008010 
10008100 
10008110 
10008200 
10008300 
10008400 
10008500 
10008600 
10008700 
10008800 
10008900 
10009000 
10009100 
10009300 
10009500 
10009505 
10009510 
10009600 
10009700 
10009800 
10009900 
10010000 
10010600 
10010700 
10010800 
10010900 
10011000 
10011010 
10011200 
10011400 
10011405 
10011410 
10011700 
10011800 
10011900 
10012000 
10012100 
10012300 
10012400 
10012500 
10012510 
10012700 
10012710 
10012900 
10012905 
10012910 
10013200 
10013300 
10013400 
10014000 
10014010 
10014100 
10014200 
10014250 
10014300 
10014400 
10014410 
10014600 
10014610 
10014800 
10014810 
10014820 
10014830 
10015100 
10015200 
10015210 
10015300 
10015400 
10015500 
10015700 
10015800 
10015900 
10015910 
10016100 
10016110 
10016120 
10016200 
10016300 
10016310 
10016400 
10016500 
10016600 
10016610 
10016700 
10016710 
10016800 
10017400 
10017500 
10017600 
10017700 
10017800 
10017810 
10017820 
10017910 
10017920 
10017930 
10017940 
10018000 
10018010 
10018200 
10018210 
10018220 
10018230 
10018240 
10018250 
10018600 
10018610 
10018700 
10018705 
10018710 
10018800 
10018900 
10019000 
10019100 
10019200 
10019400 
10019405 
10019406 
10019410 
10019600 
10019610 
10019800 
10019805 
10019810 
10019820 
10019830 
10020100 
10020200 
10020210 
10020300 
10020305 
10020310 
10020400 
10021000 
10021050 
10021100 
10021150 
10021200 
10021250 
10021300 
10021400 
10021510 
10021520 
10021600 
10021610 
10021800 
10021810 
10022100 
10022200 
10022300 
10022400 
10022500 
10022600 
10022700 
10022900 
10023100 
10023110 
10023300 
10023310 
10023600 
10023700 
10023800 
10024350 
10024400 
10024500 
10024600 
10024700 
10024800 
10024810 
10025000 
10025005 
10025010 
10025100 
10025200 
10025210 
10025220 
10025230 
10025300 
10025500 
10025600 
10025700 
10025800 
10025900 
10026000 
10026100 
10026200 
10026300 
10026310 
10026400 
10026500 
10026510 
10026710 
10026800 
10027000 
10027100 
10027200 
10027800 
10027900 
10028000 
10028050 
10028100 
10028200 
10028400 
10028600 
10028610 
10028700 
10028900 
10029000 
10029100 
10029200 
10029300 
10029400 
10029500 
10029600 
10029700 
10029900 
10030100 
10030110 
10030120 
10030130 
10030140 
10030200 
10030300 
10030400 
10030500 
10030600 
10031200 
10031300 
10031400 
10031500 
10031600 
10031610 
10031700 
10031800 
10031900 
10031910 
10032000 
10032050 
10032100 
10032200 
10032400 
10032410 
10032420 
10032430 
10032440 
10032500 
10032510 
10032600 
10032605 
10032610 
10032700 
10032800 
10032900 
10033100 
10033200 
10033300 
10033510 
10033520 
10033600 
10033710 
10033720 
10033800 
10033810 
10033820 
10033830 
10033840 
10033850 
10034200 
10034210 
10034220 
10034300 
10034310 
10034320 
10034400 
10035000 
10035010 
10035100 
10035110 
10035200 
10035210 
10035300 
10035400 
10035410 
10035600 
10035800 
10035810 
10036100 
10036210 
10036300 
10036400 
10036500 
10036600 
10036700 
10036900 
10036910 
10037100 
10037300 
10037310 
10037500 
10037600 
10037700 
10037800 
10038400 
10038500 
10038600 
10038700 
10038800 
10038810 
10039100 
10039410 
10039500 
10039600 
10039700 
10039900 
10039910 
10040000 
10040100 
10040200 
10040300 
10040400 
10040500 
10040700 
10040800 
10040810 
10040900 
10041000 
10041020 
10041100 
10041110 
10041120 
10041200 
10041300 
10041350 
10041400 
10041410 
10041500 
10041510 
10041520 
10041600 
10042100 
10042200 
10042300 
10042400 
10042500 
10042600 
10042610 
10042620 
10042630 
10042700 
10042800 
10042810 
10042900 
10042910 
10042920 
10042930 
10043000 
10043010 
10043020 
10043030 
10043040 
10043050 
10043200 
10043600 
10043610 
10043620 
10043700 
10043710 
10043720 
10043800 
10043810 
10043900 
10043910 
10044000 
10044010 
10044100 
10044110 
10044200 
10044210 
10044400 
10044410 
10044420 
10044500 
10044510 
10044600 
10044610 
10044620 
10044700 
10044710 
10044800 
10044900 
10044910 
10044920 
10044930 
10044940 
10044950 
10045200 
10045300 
10045310 
10045320 
10045400 
10045410 
10045420 
10045430 
10045500 
10045510 
10046000 
10046010 
10046100 
10046110 
10046120 
10046200 
10046210 
10046220 
10046300 
10046310 
10046320 
10046400 
10046410 
10046510 
10046520 
10046530 
10046710 
10046720 
10046900 
10046910 
10046920 
10047200 
10047300 
10047400 
10047500 
10047600 
10047700 
10047800 
10047900 
10048010 
10048210 
10048410 
10048420 
10048700 
10048810 
10048900 
10049500 
10049600 
10049700 
10049800 
10050000 
10050010 
10050100 
10050200 
10050300 
10050310 
10050320 
10050330 
10050600 
10050700 
10050800 
10050900 
10051000 
10051100 
10051200 
10051400 
10051410 
10051500 
10051610 
10051620 
10051800 
10051810 
10051900 
10052100 
10052200 
10052210 
10052300 
10052900 
10053000 
10053100 
10053200 
10053300 
10053400 
10053410 
10053500 
10053700 
10053800 
10053900 
10054010 
10054080 
10054090 
10054100 
10054200 
10054300 
10054400 
10054500 
10054600 
10054700 
10054800 
10055000 
10055200 
10055400 
10055510 
10055520 
10055600 
10055700 
10055800 
10056400 
10056500 
10056600 
10056700 
10056800 
10056900 
10056910 
10057000 
10057110 
10057120 
10057200 
10057300 
10057310 
10057600 
10057700 
10057800 
10057810 
10057900 
10058000 
10058100 
10058200 
10058400 
10058410 
10058500 
10058600 
10058700 
10058710 
10058900 
10059000 
10059310 
10059320 
10059330 
10059400 
10059500 
10059510 
10059600 
10059610 
10059620 
10060100 
10060200 
10060210 
10060220 
10060300 
10060310 
10060320 
10060400 
10060410 
10060420 
10060500 
10060610 
10060620 
10060710 
10060720 
10060730 
10060740 
10060900 
10060910 
10061000 
10061010 
10061020 
10061100 
10061400 
10061410 
10061500 
10061600 
10061700 
10061800 
10061900 
10062000 
10062200 
10062210 
10062220 
10062300 
10062410 
10062420 
10062500 
10062600 
10062610 
10062700 
10063000 
10063010 
10063110 
10063200 
10063800 
10063900 
10064000 
10064100 
10065110 
10065700 
10065800 
10065900 
10066000 
10066100 
10066105 
10066110 
10066115 
10066310 
10066810 
10067600 
10067605 
10067610 
10067615 
10068000 
10068010 
10068100 
10068110 
10068600 
10069200 
10069300 
10069400 
10069500 
10069600 
10069605 
10069700 
10069900 
10070100 
10071100 
10071105 
10071500 
10071600 
10072100 
10072200 
10072700 
10072800 
10073000 
10073200 
10073600 
10073700 
10074200 
10074300 
10074400 
10074900 
10075000 
10075100 
10080800 
10080900 
10081000 
10081100 
10081200 
10081300 
10081900 
10082000 
10082100 
10082200 
10082300 
10082400 
20000000 
20000100 
20000200 
20000300 
20000600 
20000700 
20000800 
20000900 
20001000 
20001100 
20001200 
20001300 
20001400 
20002100 
20002500 
20002510 
20002600 
20002700 
20002800 
20002900 
20003200 
20003300 
20003400 
20003500 
20003600 
20003700 
20003800 
20003900 
20004000 
20004700 
20005100 
20005110 
20005200 
20005300 
20005400 
20005500 
20005600 
20005700 
20005800 
20006200 
20006300 
20006400 
20006500 
20006600 
20006700 
20006800 
20006900 
20007000 
20007200 
20007300 
20007400 
20007800 
20007900 
20008000 
20008100 
20008600 
20008700 
20008800 
20008900 
20009000 
20009100 
20009200 
20009300 
20009400 
20009800 
20009900 
20010000 
20010100 
20010200 
20010300 
20010400 
20010500 
20010600 
20010700 
20011100 
20011200 
20011300 
20011400 
20011500 
20011600 
20011700 
20011800 
20011900 
20012000 
20012400 
20012600 
20012700 
20012800 
20013200 
20013300 
20013600 
20013700 
20014100 
20014200 
20014400 
20014500 
20014600 
20014700 
20014800 
20014900 
20015000 
20015100 
20015600 
20015700 
20015800 
20015900 
20016000 
20016100 
20016400 
20016500 
20016600 
20016700 
20016800 
20016900 
20017000 
20017100 
20017200 
20017900 
20018300 
20018400 
20018500 
20018600 
20018700 
20018800 
20018900 
20019000 
20019100 
20019200 
20019300 
20019400 
20019500 
20019600 
20019700 
20019800 
20019900 
20020000 
20020100 
20020200 
20020300 
20020900 
20021000 
20021100 
20021200 
20021300 
20021400 
20021500 
20021600 
20021700 
20021800 
20021900 
20022000 
20022100 
20022200 
20022300 
20022400 
20022500 
20022600 
20022700 
20022800 
20022900 
20023000 
20023100 
20023700 
20023800 
20023900 
20024000 
20024100 
20024200 
20024300 
20024400 
20024500 
20024600 
20024700 
20024800 
20024900 
20025000 
20025100 
20025200 
20025300 
20025400 
20025500 
20025600 
20025700 
20025800 
20025900 
20026000 
20026100 
20026200 
20026300 
20026900 
20027000 
20027100 
20027200 
20027300 
20027400 
20027500 
20027600 
20027700 
20027800 
20027900 
20028000 
20028100 
20028200 
20028300 
20028400 
20028500 
20028600 
20028700 
20028800 
20028900 
20029000 
20029100 
20029700 
20029800 
20029900 
20030000 
20030100 
20030200 
20030300 
20030400 
20030500 
20030600 
20030700 
20030800 
20030900 
20030910 
20031000 
20031100 
20031200 
20031300 
20031400 
20031500 
20031600 
20031700 
20031800 
20031900 
20032000 
20032100 
20032200 
20032300 
20032400 
20032500 
20032600 
20032700 
20033300 
20033400 
20033500 
20033600 
20033700 
20033800 
20033900 
20034000 
20034050 
20034100 
20034110 
20034200 
20034300 
20034400 
20034500 
20034600 
20034700 
20034800 
20034900 
20035000 
20035100 
20035200 
20035300 
20035400 
20035500 
20035600 
20035700 
20035800 
20035900 
20036500 
20036600 
20036700 
20036800 
20036900 
20036910 
20037000 
20037100 
20037200 
20037300 
20037400 
20037500 
20037600 
20037700 
20037800 
20037900 
20038000 
20038100 
20038200 
20038300 
20038400 
20038500 
20038600 
20038700 
20039300 
20039400 
20039500 
20039600 
20039700 
20039800 
20039900 
20040000 
20040100 
20040200 
20040300 
20040400 
20040500 
20040600 
20040700 
20040800 
20040900 
20041000 
20041500 
20041600 
20041700 
20041800 
20041900 
20042000 
20042100 
20042200 
20042300 
20042400 
20042500 
20042600 
20042700 
20042800 
20042900 
20043000 
20043100 
20043200 
20043300 
20043400 
20043500 
20043600 
20043700 
20043800 
20043900 
20044000 
20044100 
20044700 
20044800 
20044900 
20045000 
20045100 
20045110 
20045200 
20045300 
20045400 
20045500 
20045600 
20045700 
20045800 
20045900 
20046000 
20046100 
20046200 
20046300 
20046400 
20046500 
20046600 
20046700 
20046800 
20046900 
20047500 
20047600 
20047700 
20047800 
20048200 
20048210 
20048300 
20048400 
20048500 
20048600 
20048700 
20048800 
20048900 
20049000 
20049100 
20049200 
20049300 
20049400 
20049500 
20049600 
20049700 
20049800 
20049900 
20050000 
20050500 
20050600 
20050800 
20051000 
20051200 
20051400 
20051600 
20051800 
20052000 
20052200 
20052400 
20052600 
20052800 
20053000 
20053200 
20053400 
20053600 
20053800 
20054000 
20054200 
20054400 
20054600 
20054800 
20055000 
20056200 
20056400 
20056600 
20056800 
20057000 
20057010 
20057200 
20057400 
20057600 
20057800 
20058000 
20058200 
20058400 
20058600 
20058800 
20059000 
20059200 
20059400 
20059600 
20059800 
20060000 
20060200 
20060400 
20060600 
20061800 
20062000 
20062200 
20062400 
20062500 
20062600 
20062700 
20062800 
20062900 
20063000 
20063100 
20063200 
20063300 
20063400 
20063500 
20063600 
20063700 
20063800 
20063900 
20064000 
20064100 
20064200 
20064300 
20064900 
20065000 
20065100 
20065200 
20065300 
20065400 
20065500 
20065600 
20065700 
20065800 
20065900 
20066000 
20066100 
20066200 
20066300 
20066400 
20066500 
20066600 
20066700 
20066800 
20066900 
20067000 
20067100 
20067700 
20067800 
20067900 
20068000 
20068100 
20068200 
20068300 
20068400 
20068500 
20068600 
20068700 
20068800 
20068900 
20069000 
20069100 
20069200 
20069300 
20069400 
20069500 
20069600 
20069700 
20069800 
20069900 
20070500 
20070600 
20070700 
20070800 
20070900 
20071000 
20071100 
20071200 
20071250 
20071300 
20071400 
20071500 
20071600 
20071900 
20072000 
20072100 
20072200 
20072300 
20072400 
20072500 
20072600 
20072700 
20072800 
20072900 
20073000 
20073100 
20073300 
20073400 
20073500 
20073600 
20073700 
20073800 
20073900 
20074400 
20074500 
20074600 
20074700 
20074800 
20074900 
20075000 
20075100 
20075200 
20075300 
20075400 
20075500 
20075600 
20075700 
20075800 
20075900 
20076000 
20076100 
20076200 
20076300 
20076400 
20076500 
20076600 
20076700 
20077300 
20077400 
20077500 
20077600 
20078100 
20078110 
20078200 
20078300 
20078400 
20078500 
20078600 
20078700 
20078800 
20078900 
20079000 
20079100 
20079300 
20079400 
20079500 
20079600 
20079700 
20079800 
20079900 
20080400 
20080500 
20080600 
20080700 
20080800 
20080900 
20081000 
20081100 
20081200 
20081300 
20081400 
20081500 
20081600 
20081700 
20081800 
20081900 
20082000 
20082100 
20082200 
20082300 
20082400 
20082500 
20082600 
20082700 
20082800 
20082900 
20083000 
20083100 
20083200 
20083300 
20083400 
20083500 
20083600 
20083700 
20083800 
20083900 
20084000 
20084100 
20084200 
20084300 
20084400 
20084500 
20084600 
20084700 
20084800 
20084900 
20085000 
20085100 
20085200 
20085300 
20085400 
20085500 
20085609 
20085610 
20085611 
20085612 
20085613 
20085620 
20085621 
20085622 
20085623 
20085700 
20085800 
20085900 
20086000 
20086100 
20086200 
20086300 
20086500 
20086600 
20086700 
20086800 
20086900 
20087000 
20087100 
20087200 
20087300 
20087400 
20087500 
20087600 
20087700 
20087800 
20087900 
20088000 
20088100 
20088200 
20088300 
20088400 
20088500 
20088600 
20088700 
20088800 
20088900 
20089000 
20089100 
20089200 
20089210 
20089300 
20089380 
20089390 
20089400 
20089410 
20089420 
20089500 
20089600 
20089700 
20089800 
20089900 
20090000 
20090100 
20090200 
20090300 
20090400 
20090500 
20090600 
20090700 
20090800 
20090900 
20091000 
20091100 
20091300 
20091400 
20091500 
20091600 
20091610 
20091700 
20091800 
20091900 
20092100 
20092200 
20092300 
20092400 
20092500 
20092600 
20092700 
20093000 
20093100 
20093300 
20093600 
20093700 
20093800 
20094000 
20094100 
20094400 
20094500 
20094600 
20094800 
20094900 
20095000 
20095100 
20095200 
20095300 
20095400 
20095600 
20095700 
20095900 
20096000 
20096100 
20096200 
20096300 
20096400 
20096700 
20096800 
20096900 
20098000 
20099000 
20100000 
20101000 
20102000 
20103000 
20104000 
20105000 
20106000 
20107000 
20108000 
20109000 
20111000 
20112000 
20113000 
20114000 
20115000 
20116000 
20117000 
20119000 
20120000 
20121000 
20123000 
20124000 
20125000 
20126000 
20127000 
20128000 
20129000 
20130000 
20131000 
20132000 
20133000 
20134000 
20135000 
20136000 
20137000 
20139000 
20140000 
20141000 
20142000 
20143000 
20144000 
20145000 
20147000 
20148000 
20149000 
20151000 
20153000 
20154000 
20156000 
20157000 
20158000 
20159000 
20160000 
20161000 
20162000 
20163000 
20166000 
20167000 
20169000 
20170000 
20172000 
20173000 
20177000 
20178000 
20181000 
20182000 
20183000 
20185000 
20186000 
20187000 
20187100 
20188000 
20189000 
20190000 
20191000 
20192000 
20193000 
20194000 
20195000 
20196000 
20197000 
20198000 
20199000 
20199100 
20199200 
20199300 
20200000 
20200010 
20201000 
20202000 
20203000 
20204000 
20205000 
20206000 
20207000 
20208000 
20209000 
20210000 
20211000 
20212000 
20213000 
20214000 
20215000 
20216000 
20217000 
20218000 
20219000 
20220000 
20220010 
20221000 
20222000 
20223000 
20224000 
20224010 
20225000 
20225010 
20226000 
20227000 
20228000 
20229000 
20230100 
20230200 
20230300 
20230400 
20230500 
20230600 
20230700 
20230800 
20230900 
20231000 
20232200 
20232300 
20232400 
20232500 
20232600 
20232700 
21001000 
21001010 
21002000 
21003000 
21004000 
21004010 
21004020 
21004030 
21004040 
21004050 
21005000 
21005010 
21006000 
21007000 
21008000 
21008010 
21009000 
21010000 
21011000 
21011010 
21011020 
21012000 
21013000 
21013010 
21014000 
21015000 
21016000 
21017000 
21017010 
21018000 
21018010 
21018020 
21019000 
21020000 
21021000 
21022000 
21023000 
21024000 
21025000 
21026000 
21027000 
21028000 
21029000 
21030000 
21031000 
21032000 
22001000 
22001010 
22002000 
22003000 
22004000 
22004010 
22004020 
22004030 
22004040 
22004050 
22005000 
22005010 
22006000 
22007000 
22008000 
22008010 
22009000 
22010000 
22011000 
22011010 
22011020 
22012000 
22013000 
22013010 
22014000 
22015000 
22016000 
22017000 
22017010 
22018000 
22018010 
22018020 
22019000 
22020000 
22021000 
22022000 
22023000 
22024000 
22025000 
22026000 
22027000 
22028000 
22029000 
22030000 
22031000 
22032000 
23001000 
23001010 
23002000 
23003000 
23004000 
23004010 
23004020 
23004030 
23004040 
23004050 
23005000 
23005010 
23006000 
23007000 
23008000 
23008010 
23009000 
23010000 
23011000 
23011010 
23011020 
23012000 
23013000 
23013010 
23014000 
23015000 
23016000 
23017000 
23017010 
23018000 
23018010 
23018020 
23019000 
23020000 
23021000 
23022000 
23023000 
23024000 
23025000 
23026000 
23027000 
23028000 
23029000 
23030000 
23031000 
23032000 
180000110 
180000120 
180000130 
180000140 
180010010 
180010020 
180010030 
180010040 
180010050 
180010060 
180010070 
180010080 
180010090 
180010100 
180010110 
180010120 
180010130 
180010140 
180010150 
180010160 
180010170 
180010180 
180010190 
180010200 
180010210 
180010220 
180010230 
180010240 
180010250 
180010260 
180100100 
180100200 
180100300 
180100400 
180100500 
180100600 
180100700 
180100800 
180100900 
180101000 
180101100 
180101200 
180101300 
180101400 
180101500 
180101600 
180101700 
180101800 
180101900 
180102000 
180102100 
180102200 
180102300 
180102400 
180102500 
180102600 
180110100 
180110200 
180110300 
180110400 
180110500 
180110600 
180110700 
180110800 
180110900 
180111000 
180111100 
180111200 
180111300 
180111400 
180111500 
180111600 
180111700 
180111800 
180111900 
180112000 
180112100 
180112200 
180112300 
180112400 
180112500 
180112600 
180200100 
180200200 
180200300 
180200400 
180200500 
180200600 
180200700 
180200800 
180200900 
180201000 
180201100 
180201200 
180201300 
180201400 
180201500 
180201600 
180201700 
180201800 
180201900 
180202000 
180202100 
180202200 
180202300 
180202400 
180202500 
180202600 
180210100 
180210200 
180210300 
180210400 
180210500 
180210600 
180210700 
180210800 
180210900 
180211000 
180211100 
180211200 
180211300 
180211400 
180211500 
180211600 
180211700 
180211800 
180211900 
180212000 
180212100 
180212200 
180212300 
180212400 
180212500 
180212600 
180220100 
180220200 
180220300 
180220400 
180220500 
180220600 
180220700 
180220800 
180220900 
180221000 
180221100 
180221200 
180221300 
180221400 
180221500 
180221600 
180221700 
180221800 
180221900 
180222000 
180222100 
180222200 
180222300 
180222400 
180222500 
180222600 
180230100 
180230200 
180230300 
180230400 
180230500 
180230600 
180230700 
180230800 
180230900 
180231000 
180231100 
180231200 
180231300 
180231400 
180231500 
180231600 
180231700 
180231800 
180231900 
180232000 
180232100 
180232200 
180232300 
180232400 
180232500 
180232600 
180240100 
180240200 
180240300 
180240400 
180240500 
180240600 
180240700 
180240800 
180240900 
180241000 
180241100 
180241200 
180241300 
180241400 
180241500 
180241600 
180241700 
180241800 
180241900 
180242000 
180242100 
180242200 
180242300 
180242400 
180242500 
180242600 
180300100 
180300200 
180300300 
180300400 
180300500 
180300600 
180300700 
180300800 
180300900 
180301000 
180301100 
180301200 
180301300 
180301400 
180301500 
180301600 
180301700 
180301800 
180301900 
180302000 
180302100 
180302200 
180302300 
180302400 
180302500 
180302600 
180310100 
180310200 
180310300 
180310400 
180310500 
180310600 
180310700 
180310800 
180310900 
180311000 
180311100 
180311200 
180311300 
180311400 
180311500 
180311600 
180311700 
180311800 
180311900 
180312000 
180312100 
180312200 
180312300 
180312400 
180312500 
180312600 
180320100 
180320200 
180320300 
180320400 
180320500 
180320600 
180320700 
180320800 
180320900 
180321000 
180321100 
180321200 
180321300 
180321400 
180321500 
180321600 
180321700 
180321800 
180321900 
180322000 
180322100 
180322200 
180322300 
180322400 
180322500 
180322600 
180330100 
180330200 
180330300 
180330400 
180330500 
180330600 
180330700 
180330800 
180330900 
180331000 
180331100 
180331200 
180331300 
180331400 
180331500 
180331600 
180331700 
180331800 
180331900 
180332000 
180332100 
180332200 
180332300 
180332400 
180332500 
180332600 
180340100 
180340200 
180340300 
180340400 
180340500 
180340600 
180340700 
180340800 
180340900 
180341000 
180341100 
180341200 
180341300 
180341400 
180341500 
180341600 
180341700 
180341800 
180341900 
180342000 
180342100 
180342200 
180342300 
180342400 
180342500 
180342600 
180400100 
180400200 
180400300 
180400400 
180400500 
180400600 
180400700 
180400800 
180400900 
180401000 
180401100 
180401200 
180401300 
180401400 
180401500 
180401600 
180401700 
180401800 
180401900 
180402000 
180402100 
180402200 
180402300 
180402400 
180402500 
180402600 
180410100 
180410200 
180410300 
180410400 
180410500 
180410600 
180410700 
180410800 
180410900 
180411000 
180411100 
180411200 
180411300 
180411400 
180411500 
180411600 
180411700 
180411800 
180411900 
180412000 
180412100 
180412200 
180412300 
180412400 
180412500 
180412600 
180500100 
180500200 
180500300 
180500400 
180500500 
180500600 
180500700 
180500800 
180500900 
180501000 
180501100 
180501200 
180501300 
180501400 
180501500 
180501600 
180501700 
180501800 
180501900 
180502000 
180502100 
180502200 
180502300 
180502400 
180502500 
180502600 
180510100 
180510200 
180510300 
180510400 
180510500 
180510600 
180510700 
180510800 
180510900 
180511000 
180511100 
180511200 
180511300 
180511400 
180511500 
180511600 
180511700 
180511800 
180511900 
180512000 
180512100 
180512200 
180512300 
180512400 
180512500 
180512600 
180520100 
180520200 
180520300 
180520400 
180520500 
180520600 
180520700 
180520800 
180520900 
180521000 
180521100 
180521200 
180521300 
180521400 
180521500 
180521600 
180521700 
180521800 
180521900 
180522000 
180522100 
180522200 
180522300 
180522400 
180522500 
180522600 
180530100 
180530200 
180530300 
180530400 
180530500 
180530600 
180530700 
180530800 
180530900 
180531000 
180531100 
180531200 
180531300 
180531400 
180531500 
180531600 
180531700 
180531800 
180531900 
180532000 
180532100 
180532200 
180532300 
180532400 
180532500 
180532600 
180540100 
180540200 
180540300 
180540400 
180540500 
180540600 
180540700 
180540800 
180540900 
180541000 
180541100 
180541200 
180541300 
180541400 
180541500 
180541600 
180541700 
180541800 
180541900 
180542000 
180542100 
180542200 
180542300 
180542400 
180542500 
180542600 
180550100 
180550200 
180550300 
180550400 
180550500 
180550600 
180550700 
180550800 
180550900 
180551000 
180551100 
180551200 
180551300 
180551400 
180551500 
180551600 
180551700 
180551800 
180551900 
180552000 
180552100 
180552200 
180552300 
180552400 
180552500 
180552600 
180560100 
180560200 
180560300 
180560400 
180560500 
180560600 
180560700 
180560800 
180560900 
180561000 
180561100 
180561200 
180561300 
180561400 
180561500 
180561600 
180561700 
180561800 
180561900 
180562000 
180562100 
180562200 
180562300 
180562400 
180562500 
180562600 
180600100 
180600200 
180600300 
180600400 
180600500 
180600600 
180600700 
180600800 
180600900 
180601000 
180601100 
180601200 
180601300 
180601400 
180601500 
180601600 
180601700 
180601800 
180601900 
180602000 
180602100 
180602200 
180602300 
180602400 
180602500 
180602600 
180610100 
180610200 
180610300 
180610400 
180610500 
180610600 
180610700 
180610800 
180610900 
180611000 
180611100 
180611200 
180611300 
180611400 
180611500 
180611600 
180611700 
180611800 
180611900 
180612000 
180612100 
180612200 
180612300 
180612400 
180612500 
180612600 
180620100 
180620200 
180620300 
180620400 
180620500 
180620600 
180620700 
180620800 
180620900 
180621000 
180621100 
180621200 
180621300 
180621400 
180621500 
180621600 
180621700 
180621800 
180621900 
180622000 
180622100 
180622200 
180622300 
180622400 
180622500 
180622600 
180630100 
180630200 
180630300 
180630400 
180630500 
180630600 
180630700 
180630800 
180630900 
180631000 
180631100 
180631200 
180631300 
180631400 
180631500 
180631600 
180631700 
180631800 
180631900 
180632000 
180632100 
180632200 
180632300 
180632400 
180632500 
180632600 
180640100 
180640200 
180640300 
180640400 
180640500 
180640600 
180640700 
180640800 
180640900 
180641000 
180641100 
180641200 
180641300 
180641400 
180641500 
180641600 
180641700 
180641800 
180641900 
180642000 
180642100 
180642200 
180642300 
180642400 
180642500 
180642600 
180700100 
180700200 
180700300 
180700400 
180700500 
180700600 
180700700 
180700800 
180700900 
180701000 
180701100 
180701200 
180701300 
180701400 
180701500 
180701600 
180701700 
180701800 
180701900 
180702000 
180702100 
180702200 
180702300 
180702400 
180702500 
180702600 
180710100 
180710200 
180710300 
180710400 
180710500 
180710600 
180710700 
180710800 
180710900 
180711000 
180711100 
180711200 
180711300 
180711400 
180711500 
180711600 
180711700 
180711800 
180711900 
180712000 
180712100 
180712200 
180712300 
180712400 
180712500 
180712600 
180800100 
180800200 
180800300 
180800400 
180800500 
180800600 
180800700 
180800800 
180800900 
180801000 
180801100 
180801200 
180801300 
180801400 
180801500 
180801600 
180801700 
180801800 
180801900 
180802000 
180802100 
180802200 
180802300 
180802400 
180802500 
180802600 
180810100 
180810200 
180810300 
180810400 
180810500 
180810600 
180810700 
180810800 
180810900 
180811000 
180811100 
180811200 
180811300 
180811400 
180811500 
180811600 
180811700 
180811800 
180811900 
180812000 
180812100 
180812200 
180812300 
180812400 
180812500 
180812600 
180820100 
180820200 
180820300 
180820400 
180820500 
180820600 
180820700 
180820800 
180820900 
180821000 
180821100 
180821200 
180821300 
180821400 
180821500 
180821600 
180821700 
180821800 
180821900 
180822000 
180822100 
180822200 
180822300 
180822400 
180822500 
180822600 
180900100 
180900200 
180900300 
180900400 
180900500 
180900600 
180900700 
180900800 
180900900 
180901000 
180901100 
180901200 
180901300 
180901400 
180901500 
180901600 
180901700 
180901800 
180901900 
180902000 
180902100 
180902200 
180902300 
180902400 
180902500 
180902600 
181000100 
181000200 
181000300 
181000400 
181000500 
181000600 
181000700 
181000800 
181000900 
181001000 
181001100 
181001200 
181001300 
181001400 
181001500 
181001600 
181001700 
181001800 
181001900 
181002000 
181002100 
181002200 
181002300 
181002400 
181002500 
181002600 
181100100 
181100200 
181100300 
181100400 
181100500 
181100600 
181100700 
181100800 
181100900 
181101000 
181101100 
181101200 
181101300 
181101400 
181101500 
181101600 
181101700 
181101800 
181101900 
181102000 
181102100 
181102200 
181102300 
181102400 
181102500 
181102600 
181200100 
181200200 
181200300 
181200400 
181200500 
181200600 
181200700 
181200800 
181200900 
181201000 
181201100 
181201200 
181201300 
181201400 
181201500 
181201600 
181201700 
181201800 
181201900 
181202000 
181202100 
181202200 
181202300 
181202400 
181202500 
181202600 
181300100 
181300200 
181300300 
181300400 
181300500 
181300600 
181300700 
181300800 
181300900 
181301000 
181301100 
181301200 
181301300 
181301400 
181301500 
181301600 
181301700 
181301800 
181301900 
181302000 
181302100 
181302200 
181302300 
181302400 
181302500 
181302600 
181310100 
181310200 
181310300 
181310400 
181310500 
181310600 
181310700 
181310800 
181310900 
181311000 
181311100 
181311200 
181311300 
181311400 
181311500 
181311600 
181311700 
181311800 
181311900 
181312000 
181312100 
181312200 
181312300 
181312400 
181312500 
181312600 
181320100 
181320200 
181320300 
181320400 
181320500 
181320600 
181320700 
181320800 
181320900 
181321000 
181321100 
181321200 
181321300 
181321400 
181321500 
181321600 
181321700 
181321800 
181321900 
181322000 
181322100 
181322200 
181322300 
181322400 
181322500 
181322600 
181400100 
181400200 
181400300 
181400400 
181400500 
181400600 
181400700 
181400800 
181400900 
181401000 
181401100 
181401200 
181401300 
181401400 
181401500 
181401600 
181401700 
181401800 
181401900 
181402000 
181402100 
181402200 
181402300 
181402400 
181402500 
181402600 
181410100 
181410200 
181410300 
181410400 
181410500 
181410600 
181410700 
181410800 
181410900 
181411000 
181411100 
181411200 
181411300 
181411400 
181411500 
181411600 
181411700 
181411800 
181411900 
181412000 
181412100 
181412200 
181412300 
181412400 
181412500 
181412600 
181500100 
181500200 
181500300 
181500400 
181500500 
181500600 
181500700 
181500800 
181500900 
181501000 
181501100 
181501200 
181501300 
181501400 
181501500 
181501600 
181501700 
181501800 
181501900 
181502000 
181502100 
181502200 
181502300 
181502400 
181502500 
181502600 
181510100 
181510200 
181510300 
181510400 
181510500 
181510600 
181510700 
181510800 
181510900 
181511000 
181511100 
181511200 
181511300 
181511400 
181511500 
181511600 
181511700 
181511800 
181511900 
181512000 
181512100 
181512200 
181512300 
181512400 
181512500 
181512600 
181600100 
181600200 
181600300 
181600400 
181600500 
181600600 
181600700 
181600800 
181600900 
181601000 
181601100 
181601200 
181601300 
181601400 
181601500 
181601600 
181601700 
181601800 
181601900 
181602000 
181602100 
181602200 
181602300 
181602400 
181602500 
181602600 
181610100 
181610200 
181610300 
181610400 
181610500 
181610600 
181610700 
181610800 
181610900 
181611000 
181611100 
181611200 
181611300 
181611400 
181611500 
181611600 
181611700 
181611800 
181611900 
181612000 
181612100 
181612200 
181612300 
181612400 
181612500 
181612600 
181620100 
181620200 
181620300 
181620400 
181620500 
181620600 
181620700 
181620800 
181620900 
181621000 
181621100 
181621200 
181621300 
181621400 
181621500 
181621600 
181621700 
181621800 
181621900 
181622000 
181622100 
181622200 
181622300 
181622400 
181622500 
181622600 
181700100 
181700200 
181700300 
181700400 
181700500 
181700600 
181700700 
181700800 
181700900 
181701000 
181701100 
181701200 
181701300 
181701400 
181701500 
181701600 
181701700 
181701800 
181701900 
181702000 
181702100 
181702200 
181702300 
181702400 
181702500 
181702600 
181800100 
181800200 
181800300 
181800400 
181800500 
181800600 
181800700 
181800800 
181800900 
181801000 
181801100 
181801200 
181801300 
181801400 
181801500 
181801600 
181801700 
181801800 
181801900 
181802000 
181802100 
181802200 
181802300 
181802400 
181802500 
181802600 
181900100 
181900200 
181900300 
181900400 
181900500 
181900600 
181900700 
181900800 
181900900 
181901000 
181901100 
181901200 
181901300 
181901400 
181901500 
181901600 
181901700 
181901800 
181901900 
181902000 
181902100 
181902200 
181902300 
181902400 
181902500 
181902600 
182000100 
182000200 
182000300 
182000400 
182000500 
182000600 
182000700 
182000800 
182000900 
182001000 
182001100 
182001200 
182001300 
182001400 
182001500 
182001600 
182001700 
182001800 
182001900 
182002000 
182002100 
182002200 
182002300 
182002400 
182002500 
182002600 
183000100 
183000200 
183000300 
183000400 
183000500 
183000600 
183000700 
183000800 
183000900 
183001000 
183001100 
183001200 
183001300 
183001400 
183001500 
183001600 
183001700 
183001800 
183001900 
183002000 
183002100 
183002200 
183002300 
183002400 
183002500 
183002600 
184000100 
184000200 
184000300 
184000400 
184000500 
184000600 
184000700 
184000800 
184000900 
184001000 
184001100 
184001200 
184001300 
184001400 
184001500 
184001600 
184001700 
184001800 
184001900 
184002000 
184002100 
184002200 
184002300 
184002400 
184002500 
184002600 
184100100 
184100200 
184100300 
184100400 
184100500 
184100600 
184100700 
184100800 
184100900 
184101000 
184101100 
184101200 
184101300 
184101400 
184101500 
184101600 
184101700 
184101800 
184101900 
184102000 
184102100 
184102200 
184102300 
184102400 
184102500 
184102600 
185000100 
185000200 
185000300 
185000400 
185000500 
185000600 
185000700 
185000800 
185000900 
185001000 
185001100 
185001200 
185001300 
185001400 
185001500 
185001600 
185001700 
185001800 
185001900 
185002000 
185002100 
185002200 
185002300 
185002400 
185002500 
185002600 
185100100 
185100200 
185100300 
185100400 
185100500 
185100600 
185100700 
185100800 
185100900 
185101000 
185101100 
185101200 
185101300 
185101400 
185101500 
185101600 
185101700 
185101800 
185101900 
185102000 
185102100 
185102200 
185102300 
185102400 
185102500 
185102600 
185250100 
185250200 
185250300 
185250400 
185250500 
185250600 
185250700 
185250800 
185250900 
185251000 
185251100 
185251200 
185251300 
185251400 
185251500 
185251600 
185251700 
185251800 
185251900 
185252000 
185252100 
185252200 
185252300 
185252400 
185252500 
185252600 
185300100 
185300200 
185300300 
185300400 
185300500 
185300600 
185300700 
185300800 
185300900 
185301000 
185301100 
185400100 
185400200 
185400300 
185400400 
185400500 
185400600 
185400700 
185400800 
185400900 
185401000 
185401100 
185401200 
185401300 
185401400 
185401500 
185401600 
185401700 
185401800 
185401900 
185402000 
185402100 
185402200 
185402300 
185402400 
185402500 
185402600 
185500100 
185500200 
185500300 
185500400 
185500500 
185500600 
185500700 
185500800 
185500900 
185501000 
185501100 
185501200 
185501300 
185501400 
185501500 
185501600 
185501700 
185501800 
185501900 
185502000 
185502100 
185502200 
185502300 
185502400 
185502500 
185502600 
185600100 
185600200 
185600300 
185600400 
185600500 
185600600 
185600700 
185600800 
185600900 
185601000 
185601100 
185601200 
185601300 
185601400 
185601500 
185601600 
185601700 
185601800 
185601900 
185602000 
185602100 
185602200 
185602300 
185602400 
185602500 
185700100 
185700200 
185700300 
185700400 
185700500 
185700600 
185700700 
185700800 
185700900 
185701000 
185701100 
185701200 
185701300 
185701400 
185701500 
185701600 
185701700 
185701800 
185701900 
185702000 
185702100 
185702200 
185702300 
185702400 
185702500 
185800100 
185800200 
185800300 
185800400 
185800500 
185800600 
185800700 
185800800 
185800900 
185801000 
185801100 
185801200 
185801300 
185801400 
185801500 
185801600 
185801700 
185801800 
185801900 
185802000 
185802100 
185802200 
185802300 
185900100 
185900200 
185900300 
185900400 
185900500 
185900600 
185900700 
185900800 
185900900 
185901000 
185901100 
185901200 
185901300 
185901400 
185901500 
185901600 
185901700 
185901800 
185901900 
185902000 
185902100 
185902200 
185902300 
185902400 
185902500 
185902600 
186000100 
186000200 
186000300 
186000400 
186000500 
186000600 
186000700 
186000800 
186000900 
186001000 
186001100 
186001200 
186001300 
186001400 
186001500 
186001600 
186001700 
186001800 
186001900 
186002000 
186002100 
186002200 
186002300 
186002400 
186002500 
186002600 
186100100 
186100200 
186100300 
186100400 
186100500 
186100600 
186100700 
186100800 
186100900 
186101000 
186101100 
186101200 
186101300 
186101400 
186101500 
186101600 
186101700 
186101800 
186101900 
186102000 
186102100 
186102200 
186102300 
186102400 
186200100 
186200200 
186200300 
186200400 
186200500 
186200600 
186200700 
186200800 
186200900 
186201000 
186201100 
186201200 
186201300 
186201400 
186201500 
186201600 
186201700 
186201800 
186201900 
186202000 
186202100 
186202200 
186202300 
186202400 
186202500 
186202600 
186300100 
186300200 
186300300 
186300400 
186300500 
186300600 
186300700 
186300800 
186300900 
186301000 
186301100 
186301200 
186301300 
186301400 
186301500 
186301600 
186301700 
186301800 
186301900 
186302000 
186302100 
186302200 
186302300 
186302400 
186302500 
186400100 
186400200 
186400300 
186400400 
186400500 
186400600 
186400700 
186400800 
186400900 
186401000 
186401100 
186401200 
186401300 
186401400 
186401500 
186401600 
186401700 
186401800 
186401900 
186402000 
186402100 
186402200 
186402300 
186402400 
186402500 
186500100 
186500200 
186500300 
186500400 
186500500 
186500600 
186500700 
186500800 
186500900 
186501000 
186501100 
186501200 
186501300 
186501400 
186501500 
186501600 
186501700 
186501800 
186501900 
186502000 
186502100 
186502200 
186502300 
186502400 
186502500 
186502600 
186502700 
186502800 
186600100 
186600200 
186600300 
186600400 
186600500 
186600600 
186600700 
186600800 
186600900 
186601000 
186601100 
186601200 
186601300 
186601400 
186601500 
186601600 
186601700 
186601800 
186601900 
186602000 
186602100 
186602200 
186602300 
186602400 
900100000 
900100010 
900100020 
900100030 
900100040 
