1 
2 
3 
10 
8182 
8183 
732000 
733000 
741000 
761000 
763000 
766000 
772000 
784000 
810000 
811000 
812000 
813000 
814000 
820000 
821000 
822000 
823000 
824000 
831000 
831100 
832000 
832100 
832200 
832201 
832300 
832301 
832400 
832401 
832500 
832600 
832700 
832701 
833000 
835000 
835001 
835100 
835200 
836000 
836001 
836100 
836200 
836300 
836301 
836400 
837000 
837100 
837200 
838000 
838100 
842000 
843000 
843001 
844000 
845000 
846000 
847000 
847100 
848000 
848100 
849000 
849100 
849200 
850000 
850001 
851000 
852000 
853000 
853100 
853200 
853300 
853400 
853500 
854000 
867000 
880000 
883000 
885000 
885001 
885002 
886000 
887000 
888000 
889000 
890000 
892000 
893000 
894000 
895000 
896000 
897000 
898000 
899000 
900000 
910000 
1000000 
1010000 
1040000 
1050000 
1060000 
1070000 
1100000 
1110000 
1130000 
1140000 
1150000 
1160000 
1200000 
1210000 
1220000 
1230000 
1240000 
1250000 
1260000 
1270000 
1280000 
1290000 
1320000 
1330000 
1350000 
1360000 
1370000 
1380000 
1390000 
1400000 
1410000 
1420000 
1430000 
1440000 
1500000 
1520000 
1530000 
1580000 
1600000 
1610000 
1620000 
1630000 
1640000 
1650000 
1660000 
1670000 
1680000 
1690000 
1700000 
1710000 
1720000 
1730000 
1740000 
1760000 
1770000 
1790000 
1800000 
1810000 
1820000 
1830000 
1831000 
1850000 
1860000 
1870000 
1871000 
1880000 
1900000 
1910000 
1911000 
1920000 
1930000 
1940000 
1950000 
1960000 
1970000 
1980000 
1990000 
1995000 
1996000 
1997000 
2000000 
2010000 
2020000 
2030000 
2070000 
2080000 
2090000 
2100000 
2200000 
2210000 
2220000 
2240000 
2250000 
2260000 
2290000 
2300000 
2310000 
2400000 
2410000 
2420000 
2430000 
2440000 
2470000 
2500000 
2520000 
2530000 
2540000 
2560000 
2600000 
2610000 
2620000 
2630000 
2660000 
2670000 
2680000 
2690000 
2700000 
2710000 
2720000 
2730000 
2740000 
2750000 
2760000 
2800000 
2810000 
2820000 
2830000 
2840000 
2850000 
2855000 
2860000 
2870000 
2880000 
2890000 
2895000 
2896000 
2900000 
2920000 
2930000 
2940000 
2950000 
2960000 
3000000 
3010000 
3020000 
3040000 
3050000 
3060000 
3070000 
3080000 
3200000 
3210000 
3220000 
3240000 
3250000 
3251000 
3270000 
3280000 
3290000 
3300000 
3310000 
3320000 
3330000 
3340000 
3350000 
3370000 
3400000 
3401000 
3402000 
3403000 
3404000 
3405000 
3406000 
3407000 
3408000 
3410000 
3420000 
3430000 
3440000 
3500000 
3530000 
3600000 
3610000 
3620000 
3630000 
3660000 
3800000 
3810000 
3820000 
3830000 
3850000 
3860000 
3870000 
3880000 
3890000 
3900000 
3910000 
3930000 
3940000 
4010000 
4020000 
4030000 
4040000 
4050000 
4060000 
4080000 
4090000 
4100000 
4110000 
4120000 
4150000 
4200000 
4210000 
4220000 
4230000 
4240000 
4270000 
4280000 
4290000 
4400000 
4420000 
4430000 
4440000 
4600000 
4610000 
4630000 
4660000 
4670000 
4680000 
5000000 
5010000 
5040000 
5050000 
5200000 
5210000 
5220000 
5225000 
5230000 
5240000 
5250000 
5255000 
5270000 
5275000 
5280000 
5285000 
5290000 
5295000 
5310000 
5330000 
5340000 
5350000 
5360000 
5370000 
5400000 
5410000 
5500000 
5510000 
5520000 
5530000 
5540000 
5600000 
5610000 
5620000 
5630000 
5640000 
5650000 
5660000 
6000000 
6100000 
6300000 
6310000 
6320000 
6330000 
6340000 
6350000 
6360000 
6370000 
6380000 
6390000 
6400000 
6410000 
6420000 
6430000 
6440000 
6450000 
6460000 
6470000 
6480000 
6490000 
6500000 
6510000 
6520000 
6530000 
6540000 
6550000 
7010000 
11000000 
11005000 
11010000 
11020000 
11030000 
11040000 
11050000 
11070000 
11080000 
11091000 
11110000 
11120000 
11130000 
11140000 
11150000 
11160000 
11185000 
11200000 
11210000 
11220000 
11230000 
11240000 
11250000 
11260000 
11270000 
11280000 
11290000 
11295000 
11300000 
11310000 
11320000 
11330000 
11350000 
11360000 
11370000 
11380000 
11390000 
11395000 
11400000 
11420000 
11430000 
11450000 
11455000 
11470000 
11475000 
11480000 
11485000 
11490000 
11495000 
11500000 
11510000 
11530000 
11540000 
11550000 
11560000 
11570000 
11590000 
11600000 
11610000 
11620000 
11630000 
11640000 
11650000 
11700000 
11710000 
11720000 
11730000 
11740000 
11750000 
11800000 
11810000 
11820000 
11830000 
11840000 
12000000 
12010000 
12020000 
