0 
1 
2 
3 
4 
900 
1000 
1010 
1040 
1050 
1060 
1070 
1100 
1110 
1130 
1140 
1150 
1160 
1200 
1210 
1220 
1230 
1240 
1250 
1260 
1270 
1280 
1290 
1320 
1330 
1350 
1360 
1370 
1380 
1390 
1400 
1410 
1420 
1430 
1440 
1500 
1520 
1530 
1580 
1600 
1610 
1620 
1630 
1640 
1650 
1660 
1670 
1680 
1690 
1700 
1710 
1720 
1730 
1740 
1760 
1770 
1790 
1800 
1810 
1820 
1830 
1831 
1850 
1860 
1870 
1871 
1880 
1900 
1910 
1911 
1920 
1930 
1940 
1950 
1960 
1970 
1980 
1990 
1995 
1996 
1997 
2000 
2010 
2020 
2030 
2070 
2080 
2090 
2100 
2200 
2210 
2220 
2240 
2250 
2260 
2290 
2300 
2310 
2400 
2410 
2420 
2430 
2440 
2470 
2500 
2520 
2530 
2540 
2560 
2600 
2610 
2620 
2630 
2660 
2670 
2680 
2690 
2700 
2710 
2720 
2730 
2740 
2750 
2760 
2800 
2810 
2820 
2830 
2840 
2850 
2855 
2860 
2870 
2880 
2890 
2895 
2896 
2900 
2920 
2930 
2940 
2950 
2960 
3000 
3010 
3020 
3040 
3050 
3060 
3070 
3080 
3200 
3210 
3220 
3240 
3250 
3251 
3270 
3280 
3290 
3300 
3310 
3320 
3330 
3340 
3350 
3370 
3400 
3401 
3402 
3403 
3404 
3405 
3406 
3407 
3408 
3410 
3420 
3430 
3440 
3500 
3530 
3600 
3610 
3620 
3630 
3660 
3800 
3810 
3820 
3830 
3850 
3860 
3870 
3880 
3890 
3900 
3910 
3930 
3940 
4010 
4020 
4030 
4040 
4050 
4060 
4080 
4090 
4100 
4110 
4120 
4150 
4200 
4210 
4220 
4230 
4240 
4270 
4280 
4290 
4400 
4420 
4430 
4440 
4600 
4610 
4630 
4660 
4670 
4680 
5000 
5010 
5040 
5050 
5200 
5210 
5220 
5225 
5230 
5240 
5250 
5255 
5270 
5275 
5280 
5285 
5290 
5295 
5310 
5330 
5340 
5350 
5360 
5370 
5400 
5410 
5500 
5510 
5520 
5530 
5540 
6000 
6100 
6300 
6310 
6320 
6330 
6340 
6350 
6360 
6370 
6380 
6390 
6400 
6410 
6420 
6430 
6440 
6450 
6460 
6470 
6480 
6490 
6500 
6510 
6520 
6530 
6540 
6550 
7010 
8182 
8183 
11000 
11005 
11010 
11020 
11030 
11040 
11050 
11070 
11080 
11091 
11110 
11120 
11130 
11140 
11150 
11160 
11185 
11200 
11210 
11220 
11230 
11240 
11250 
11260 
11270 
11280 
11290 
11295 
11300 
11310 
11320 
11330 
11350 
11360 
11370 
11380 
11390 
11395 
11400 
11420 
11430 
11450 
11455 
11470 
11475 
11480 
11485 
11490 
11495 
11500 
11510 
11530 
11540 
11550 
11560 
11570 
11590 
11600 
11610 
11620 
11630 
11640 
11650 
11700 
11710 
11720 
11730 
11740 
11750 
11800 
11810 
11820 
11830 
11840 
12000 
12010 
12020 
