0 
10 
11 
20 
21 
22 
30 
40 
41 
42 
43 
44 
45 
60 
61 
62 
63 
70 
90 
91 
92 
100 
101 
110 
120 
121 
122 
130 
131 
132 
133 
140 
141 
142 
145 
150 
151 
160 
161 
162 
163 
164 
170 
171 
172 
180 
200 
201 
202 
203 
204 
205 
240 
241 
245 
246 
270 
271 
272 
275 
276 
277 
280 
281 
285 
286 
287 
290 
330 
331 
332 
333 
334 
335 
336 
337 
338 
339 
340 
341 
342 
343 
350 
351 
352 
353 
354 
355 
356 
357 
358 
360 
361 
362 
363 
364 
365 
370 
371 
380 
381 
385 
386 
410 
420 
430 
431 
440 
450 
460 
461 
465 
466 
470 
480 
500 
510 
520 
530 
540 
550 
560 
570 
580 
590 
600 
610 
620 
630 
640 
641 
650 
660 
670 
680 
690 
700 
710 
720 
730 
740 
741 
742 
745 
